0      3.33      6.67     10.00     13.33     16.67     20.00     23.33     26.67     30.00     33.33     36.67     40.00     43.33     46.67     50.00     53.33     56.67     60.00     63.33     66.67     70.00     73.33     76.67     80.00     83.33     86.67     90.00     93.33     96.67    100.00         
6.000.30    1.06    2.28    3.96    6.08    8.64   11.63   15.04   18.85   23.06   27.64   32.21   37.47   43.05   48.51   54.67   60.64   67.31   73.72   80.32   87.63   94.59  101.69  108.93  115.72  123.19  130.76  138.43  145.56  153.37       
12.000.52    1.95    4.28    7.48   11.54   16.41   21.86   28.24   35.05   42.76   50.77   59.30   67.96   77.38   86.81   96.56  106.60  116.89  126.97  137.66  148.07  158.17  168.80  179.06  189.37  199.72  210.10  220.03  230.43  240.34       
18.000.70    2.72    6.03   10.61   16.39   23.13   30.90   39.61   48.94   59.28   70.04   81.11   92.66  104.65  116.68  129.00  141.57  153.98  166.18  178.85  191.24  203.30  215.38  227.46  239.15  250.81  262.42  273.61  284.72  295.77       
24.000.88    3.45    7.58   13.25   20.36   28.82   38.34   48.95   60.30   72.24   85.13   98.10  111.55  125.12  139.00  152.82  166.82  180.64  194.22  207.85  221.16  234.45  247.38  259.94  272.41  284.80  296.77  308.64  320.08  331.41       
30.001.01    3.96    8.80   15.33   23.50   33.18   43.88   55.73   68.59   82.10   96.08  110.40  124.91  139.77  154.36  169.13  183.74  198.14  212.56  226.67  240.46  253.90  267.24  280.20  292.76  305.20  317.22  329.11  340.58  351.91       
36.001.10    4.34    9.64   16.79   25.60   35.99   47.63   60.30   73.99   88.14  102.74  117.65  132.96  148.11  163.23  178.22  193.28  207.85  222.15  236.38  250.03  263.56  276.72  289.49  302.11  314.09  325.92  337.57  348.84  359.70       
42.001.16    4.52   10.01   17.41   26.63   37.36   49.37   62.43   76.15   90.66  105.44  120.49  135.70  150.75  165.93  180.78  195.42  209.81  223.92  237.70  251.15  264.02  276.95  289.29  301.24  313.02  324.22  335.43  346.07  356.53       
48.001.16    4.51    9.99   17.39   26.48   37.17   49.00   61.84   75.49   89.57  104.07  118.66  133.37  148.10  162.58  176.90  191.02  204.70  218.09  231.17  243.91  256.30  268.34  280.01  291.32  302.26  312.85  323.24  333.29  342.98       
54.001.09    4.31    9.52   16.63   25.29   35.46   46.71   58.81   71.64   85.03   98.67  112.54  126.22  140.05  153.65  166.94  180.02  192.70  205.26  217.36  228.98  240.44  251.55  262.18  272.62  282.71  292.33  301.76  311.02  319.80       
60.001.00    3.93    8.69   15.11   23.02   32.22   42.41   53.47   65.10   77.24   89.61  102.06  114.48  126.90  139.10  151.04  162.78  174.30  185.43  196.28  206.71  216.84  226.67  236.19  245.41  254.44  263.05  271.37  279.40  287.26       
66.000.87    3.36    7.43   12.98   19.78   27.61   36.46   45.90   55.94   66.32   76.91   87.68   98.33  108.98  119.46  129.70  139.79  149.56  159.12  168.33  177.29  185.89  194.32  202.39  210.20  217.74  225.13  232.16  238.95  245.59       
72.000.68    2.66    5.89   10.28   15.64   21.89   28.90   36.40   44.38   52.64   61.08   69.60   78.19   86.63   95.01  103.14  111.14  118.98  126.56  133.87  140.98  147.89  154.58  160.98  167.17  173.16  178.93  184.58  189.95  195.14       
78.000.47    1.84    4.07    7.11   10.84   15.20   20.05   25.29   30.88   36.63   42.57   48.51   54.46   60.42   66.29   72.05   77.66   83.10   88.43   93.62   98.62  103.41  108.06  112.61  116.91  121.11  125.17  129.09  132.86  136.50       
84.000.24    0.94    2.09    3.63    5.55    7.78   10.27   12.99   15.85   18.83   21.90   24.98   28.07   31.16   34.19   37.16   40.08   42.93   45.71   48.39   50.97   53.48   55.91   58.27   60.52   62.71   64.81   66.83   68.78   70.69       
90.000.00    0.00    0.00    0.00    0.00    0.00    0.00    0.00    0.00    0.00    0.00    0.00    0.00    0.00    0.00    0.00    0.00    0.00    0.00    0.00    0.00    0.00    0.00    0.00    0.00    0.00    0.00    0.00    0.00    0.00       
