0,1,2,3,4,5,6,7,8,9,10,11,12,13,14,15,16,17,18,19,20,21,22,23,24,25,26,27,28,29,30,31,32,33,34,35,36,37,38,39,40,41,42,43,44,45,46,47,48,49,50,51,52,53,54,55,56,57,58,59,60,61,62,63,64,65,66,67,68,69,70,71,72,73,74,75,76,77,78,79,80,81,82,83,84,85,86,87,88,89,90,91,92,93,94,95,96,97,98,99,100,
0.9,0.02,0.04,0.06,0.12,0.15,0.18,0.28,0.32,0.36,0.50,0.55,0.60,0.78,0.84,0.90,1.12,1.19,1.26,1.52,1.60,1.68,1.97,2.06,2.15,2.24,2.59,2.69,2.79,3.18,3.28,3.39,3.82,3.94,4.06,4.52,4.65,4.78,5.28,5.42,5.56,6.10,6.24,6.39,6.97,7.13,7.28,7.44,8.07,8.23,8.40,9.06,9.24,9.41,10.11,10.30,10.48,11.22,11.41,11.60,12.38,12.58,12.78,13.59,13.80,14.01,14.22,15.08,15.30,15.52,16.40,16.63,16.86,17.78,18.02,18.26,19.21,19.46,19.70,20.69,20.95,21.20,21.45,22.48,22.75,23.01,24.07,24.34,24.61,25.71,25.99,26.26,27.39,27.68,27.96,28.25,29.41,29.71,30.00,31.20,31.50,
1.80,0.02,0.06,0.09,0.16,0.25,0.30,0.42,0.56,0.63,0.80,0.99,1.08,1.30,1.40,1.65,1.91,2.03,2.33,2.65,2.79,3.13,3.50,3.66,4.05,4.22,4.65,5.09,5.28,5.75,6.24,6.45,6.97,7.50,7.73,8.30,8.53,9.12,9.74,9.99,10.63,11.29,11.56,12.24,12.52,13.23,13.96,14.26,15.02,15.79,16.11,16.91,17.23,18.05,18.90,19.24,20.10,20.99,21.35,22.25,22.62,23.55,24.50,24.88,25.86,26.85,27.24,28.25,28.66,29.69,30.74,31.16,32.24,32.66,33.76,34.87,35.31,36.44,36.89,38.04,39.21,39.67,40.86,41.33,42.54,43.76,44.24,45.48,45.97,47.23,48.51,49.01,50.30,50.81,52.12,53.44,53.96,55.31,55.83,57.19,58.56,
2.70,0.02,0.06,0.12,0.20,0.30,0.42,0.56,0.72,0.90,1.10,1.32,1.55,1.81,2.09,2.39,2.71,3.04,3.40,3.78,4.17,4.58,5.02,5.47,5.71,6.19,6.69,7.21,7.74,8.30,8.87,9.47,10.08,10.71,11.36,12.02,12.71,13.41,14.13,14.86,15.62,16.39,16.78,17.58,18.39,19.22,20.07,20.94,21.82,22.71,23.63,24.56,25.50,26.46,27.44,28.43,28.93,29.95,30.98,32.02,33.08,34.16,35.25,36.35,37.47,38.60,39.75,40.32,41.48,42.66,43.86,45.07,46.29,47.52,48.76,50.02,51.29,51.92,53.21,54.51,55.82,57.14,58.48,59.83,61.19,61.85,63.23,64.61,66.01,67.42,68.83,70.26,70.96,72.40,73.85,75.31,76.78,78.26,79.75,80.48,81.98,
3.60,0.03,0.08,0.15,0.28,0.40,0.54,0.70,0.96,1.17,1.39,1.75,2.03,2.33,2.64,3.13,3.50,3.88,4.28,4.90,5.35,5.82,6.52,7.04,7.58,8.14,8.96,9.57,10.19,10.82,11.77,12.45,13.16,13.87,14.94,15.70,16.48,17.28,18.45,19.29,20.15,21.02,22.30,23.21,24.14,25.09,26.48,27.46,28.46,29.48,30.51,32.02,33.09,34.17,35.27,36.87,38.01,39.15,40.31,41.49,43.20,44.41,45.63,46.87,48.11,49.93,51.21,52.50,53.80,55.12,56.44,58.38,59.73,61.10,62.47,63.86,65.26,67.29,68.72,70.15,71.60,73.05,74.52,75.99,77.47,79.63,81.14,82.65,84.17,85.71,87.25,88.79,90.35,91.91,94.19,95.77,97.37,98.96,100.57,102.18,103.80,
4.50,0.03,0.10,0.18,0.32,0.45,0.66,0.91,1.11,1.43,1.69,2.08,2.50,2.84,3.33,3.72,4.28,4.88,5.34,6.01,6.52,7.25,8.02,8.60,9.44,10.07,10.97,11.64,12.60,13.60,14.35,15.40,16.19,17.31,18.15,19.32,20.20,21.43,22.70,23.64,24.97,25.95,27.33,28.35,29.78,30.84,32.33,33.42,34.96,36.09,37.68,38.84,40.48,41.68,43.36,44.60,46.33,47.59,49.37,50.66,52.48,53.81,55.67,57.03,58.93,60.31,62.25,63.66,65.09,67.08,68.53,70.56,72.03,74.10,75.59,77.10,79.21,80.74,82.88,84.44,85.99,88.18,89.76,91.98,93.58,95.18,97.44,99.06,100.69,102.98,104.63,106.29,108.61,110.28,111.96,114.31,116.00,117.70,120.09,121.80,123.51,
5.40,0.03,0.10,0.21,0.36,0.55,0.78,1.04,1.35,1.70,2.08,2.51,2.86,3.35,3.88,4.45,5.06,5.71,6.39,7.11,7.87,8.67,9.50,10.15,11.05,11.98,12.95,13.95,14.99,16.07,17.18,18.03,19.19,20.40,21.63,22.90,24.20,25.53,26.54,27.92,29.34,30.79,32.26,33.77,34.91,36.47,38.05,39.67,41.31,42.54,44.23,45.94,47.68,49.45,50.77,52.58,54.41,56.27,57.66,59.56,61.47,63.41,64.87,66.84,68.84,70.34,72.37,74.42,76.49,78.04,80.14,82.26,83.84,86.00,88.16,89.78,91.98,94.19,95.83,98.07,99.73,102.00,104.28,105.97,108.27,109.97,112.30,114.63,116.36,118.71,120.46,122.83,124.59,126.98,129.38,131.16,133.58,135.36,137.80,139.59,142.04,
6.30,0.04,0.12,0.24,0.40,0.65,0.89,1.18,1.51,1.96,2.38,2.83,3.32,3.98,4.56,5.18,5.83,6.53,7.43,8.21,9.02,9.87,10.76,11.90,12.87,13.87,14.91,15.98,17.36,18.51,19.69,20.90,22.15,23.43,25.06,26.41,27.80,29.21,30.66,32.13,33.64,35.54,37.10,38.70,40.33,41.98,43.66,45.36,47.09,48.85,50.63,52.43,54.26,56.11,58.44,60.34,62.27,64.22,66.19,68.18,70.19,72.21,74.26,76.33,78.42,80.52,82.14,84.27,86.42,88.59,90.78,92.98,95.19,97.43,99.67,101.93,104.20,106.49,108.23,110.54,112.86,115.19,117.54,119.90,121.68,124.06,126.44,128.84,131.24,133.06,135.48,137.91,140.35,142.19,144.64,147.10,149.57,151.43,153.91,156.39,158.26,
7.20,0.04,0.14,0.27,0.48,0.69,1.01,1.32,1.74,2.14,2.67,3.26,3.79,4.48,5.10,5.90,6.60,7.51,8.29,9.30,10.16,11.27,12.22,13.42,14.45,15.75,16.85,18.25,19.43,20.91,22.17,23.74,25.07,26.73,28.13,29.88,31.34,32.84,34.70,36.26,38.21,39.83,41.48,43.53,45.24,47.37,49.13,50.93,53.15,55.00,56.87,59.18,61.10,63.04,65.45,67.44,69.45,71.48,73.99,76.06,78.16,80.74,82.87,85.02,87.19,89.37,92.06,94.28,96.51,98.76,101.02,103.30,106.10,108.41,110.73,113.05,115.40,117.75,120.11,122.48,124.87,127.26,129.67,132.63,135.06,137.49,139.93,142.38,144.84,147.30,149.77,151.68,154.16,156.65,159.14,161.64,164.15,166.66,169.17,171.69,174.22,
8.10,0.04,0.14,0.30,0.51,0.79,1.13,1.52,1.90,2.40,2.96,3.57,4.25,4.98,5.77,6.47,7.36,8.31,9.31,10.37,11.48,12.45,13.66,14.92,16.23,17.60,18.77,20.23,21.73,23.29,24.89,26.26,27.94,29.68,31.46,32.97,34.83,36.73,38.34,40.32,42.34,44.40,46.13,48.26,50.43,52.25,54.49,56.37,58.66,60.99,62.95,65.34,67.34,69.79,72.27,74.34,76.87,78.98,81.56,83.72,86.34,88.53,91.21,93.43,96.15,98.41,100.68,103.45,105.75,108.56,110.89,113.24,116.09,118.46,120.84,123.74,126.15,128.56,131.50,133.93,136.37,139.35,141.81,144.28,146.75,149.23,152.26,154.76,157.26,159.77,162.28,165.34,167.87,170.40,172.93,175.47,178.01,180.55,183.10,185.65,188.20,
9.00,0.05,0.16,0.33,0.55,0.84,1.24,1.66,2.13,2.66,3.24,4.00,4.71,5.48,6.30,7.18,8.12,9.11,10.33,11.44,12.60,13.82,15.08,16.40,17.77,19.19,20.90,22.43,24.01,25.63,27.30,29.01,30.77,32.58,34.43,36.32,38.25,40.23,42.24,44.30,46.39,48.52,50.69,52.89,55.14,57.41,59.72,61.68,64.05,66.45,68.88,71.34,73.83,75.94,78.48,81.05,83.65,86.27,88.47,91.14,93.83,96.54,98.82,101.57,104.34,106.67,109.48,112.30,114.67,117.53,120.40,122.81,125.71,128.14,131.07,133.52,136.48,138.94,141.92,144.41,147.41,149.91,152.92,155.44,158.47,161.00,163.53,166.59,169.13,171.68,174.75,177.31,179.87,182.96,185.53,188.10,191.20,193.77,196.35,198.93,201.51,
9.90,0.05,0.18,0.35,0.63,0.93,1.36,1.79,2.36,2.91,3.53,4.31,5.05,5.97,6.83,7.89,8.87,10.06,11.16,12.49,13.70,15.17,16.49,17.87,19.51,21.00,22.77,24.36,25.99,27.93,29.67,31.45,33.56,35.43,37.35,39.61,41.61,43.66,45.74,48.19,50.36,52.56,54.80,57.43,59.74,62.08,64.46,66.86,69.30,72.16,74.66,77.19,79.75,82.33,84.94,87.57,90.23,92.91,95.61,98.34,101.09,103.85,106.64,109.45,112.27,115.11,117.52,120.39,123.28,126.18,129.10,132.03,134.51,137.46,140.43,143.41,145.92,148.92,151.93,154.47,157.49,160.53,163.08,166.13,168.70,171.76,174.83,177.41,180.49,183.07,186.16,188.75,191.85,194.44,197.55,200.14,202.74,205.85,208.46,211.57,214.17,
10.80,0.05,0.18,0.38,0.67,1.03,1.41,1.92,2.51,3.17,3.91,4.61,5.50,6.45,7.48,8.58,9.61,10.84,12.15,13.53,14.79,16.30,17.88,19.31,21.01,22.78,24.61,26.25,28.20,30.21,32.00,34.12,36.01,38.23,40.51,42.54,44.91,47.02,49.49,51.69,54.25,56.52,59.16,61.50,64.23,66.64,69.45,71.92,74.43,77.34,79.90,82.49,85.50,88.14,90.81,93.91,96.62,99.36,102.12,105.32,108.12,110.94,113.78,116.63,119.50,122.39,125.74,128.65,131.59,134.53,137.49,140.46,143.45,146.44,149.44,151.99,155.02,158.05,161.08,164.13,167.18,170.25,172.84,175.91,178.99,182.07,185.16,187.77,190.87,193.96,196.58,199.69,202.79,205.42,208.53,211.15,214.26,217.38,220.00,223.12,225.74,
11.70,0.06,0.20,0.41,0.70,1.08,1.52,2.05,2.73,3.42,4.18,5.02,5.94,6.93,7.99,9.13,10.34,11.61,12.96,14.38,15.87,17.62,19.25,20.95,22.71,24.53,26.42,28.12,30.12,32.18,34.30,36.47,38.70,40.98,43.32,45.71,48.15,50.32,52.85,55.43,58.05,60.38,63.09,65.84,68.62,71.10,73.96,76.86,79.42,82.39,85.01,88.04,91.10,93.80,96.92,99.66,102.83,105.62,108.84,111.67,114.52,117.80,120.69,123.59,126.93,129.86,132.81,136.20,139.17,142.15,145.15,148.59,151.61,154.64,157.67,160.71,163.76,166.82,169.89,172.96,176.03,179.12,182.20,185.29,188.39,191.49,194.59,197.70,200.81,203.92,207.03,209.68,212.79,215.91,219.03,221.67,224.79,227.91,230.55,233.66,236.78,
12.60,0.06,0.20,0.44,0.74,1.17,1.64,2.25,2.88,3.58,4.46,5.33,6.38,7.40,8.50,9.81,11.06,12.54,13.93,15.40,17.12,18.73,20.40,22.35,24.16,26.03,27.97,30.20,32.26,34.38,36.55,39.05,41.34,43.68,46.08,48.52,51.01,53.55,56.14,58.77,61.45,64.17,66.93,69.73,72.57,75.44,78.36,81.31,84.29,87.31,90.35,93.43,96.16,99.30,102.46,105.64,108.46,111.70,114.95,117.83,121.13,124.04,127.38,130.73,133.69,137.08,140.06,143.48,146.49,149.51,152.96,156.00,159.48,162.53,165.60,169.10,172.18,175.26,178.35,181.44,184.98,188.09,191.19,194.30,197.41,200.53,203.64,206.76,209.88,213.00,216.12,219.24,222.37,225.49,228.61,231.73,234.85,237.97,240.62,243.74,246.85,
13.50,0.06,0.21,0.47,0.82,1.21,1.75,2.37,3.10,3.83,4.73,5.73,6.70,7.87,9.13,10.48,11.77,13.29,14.89,16.40,18.16,19.82,21.73,23.73,25.59,27.73,29.72,32.01,34.12,36.54,38.77,41.32,43.66,46.33,48.78,51.28,54.12,56.72,59.67,62.36,65.09,67.86,71.00,73.86,76.75,79.68,82.65,85.99,89.03,92.09,95.19,98.31,101.46,104.63,107.84,111.06,114.31,117.59,120.49,123.80,127.13,130.48,133.85,136.83,140.23,143.65,147.07,150.10,153.56,156.61,160.08,163.57,166.64,170.14,173.23,176.75,179.85,182.95,186.49,189.60,193.15,196.27,199.39,202.51,206.07,209.20,212.32,215.45,219.02,222.15,225.28,228.40,231.53,234.65,237.78,240.90,244.02,247.14,250.25,253.36,256.47,
14.40,0.07,0.23,0.49,0.85,1.31,1.85,2.50,3.24,4.07,5.00,6.02,7.13,8.33,9.62,11.00,12.47,14.02,15.66,17.39,19.19,21.08,23.04,25.09,26.99,29.18,31.44,33.78,36.18,38.66,40.94,43.54,46.20,48.65,51.43,54.26,56.87,59.81,62.81,65.55,68.64,71.47,74.66,77.56,80.83,83.81,86.82,90.21,93.29,96.39,99.88,103.05,106.24,109.45,113.06,116.32,119.61,122.91,126.24,129.58,132.95,136.32,139.72,143.13,146.55,149.99,153.44,156.90,159.97,163.45,166.94,170.45,173.54,177.06,180.58,183.70,187.23,190.77,193.89,197.44,200.57,204.13,207.26,210.82,213.95,217.09,220.65,223.79,226.92,230.48,233.61,236.75,239.87,243.43,246.55,249.68,252.79,255.91,259.02,262.13,265.24,
15.30,0.07,0.23,0.52,0.89,1.35,1.96,2.62,3.38,4.31,5.26,6.31,7.55,8.79,10.11,11.66,13.16,14.75,16.43,18.36,20.20,22.13,24.14,26.42,28.59,30.83,33.14,35.52,37.97,40.48,43.07,45.71,48.42,51.19,54.02,56.90,59.84,62.83,65.88,68.67,71.80,74.99,78.22,81.17,84.48,87.83,90.89,94.31,97.43,100.92,104.45,107.65,110.88,114.49,117.76,121.42,124.74,128.08,131.81,135.18,138.57,141.98,145.39,149.21,152.66,156.12,159.59,163.07,166.56,170.06,173.56,177.08,180.60,183.72,187.25,190.79,194.33,197.87,201.02,204.57,208.12,211.26,214.82,217.96,221.52,224.66,228.22,231.36,234.91,238.05,241.60,244.74,247.87,251.41,254.53,257.65,260.77,264.30,267.41,270.51,273.61,
16.20,0.07,0.25,0.55,0.92,1.44,2.07,2.74,3.59,4.55,5.52,6.69,7.86,9.23,10.71,12.16,13.84,15.47,17.34,19.14,21.20,23.16,25.40,27.53,29.94,32.22,34.80,37.22,39.72,42.52,45.15,47.84,50.86,53.67,56.55,59.48,62.46,65.49,68.57,72.01,75.19,78.42,81.69,84.68,88.03,91.42,94.84,98.30,101.80,105.32,108.53,112.12,115.73,119.02,122.68,126.01,129.71,133.08,136.83,140.22,144.01,147.44,151.25,154.71,158.18,161.65,165.52,169.02,172.52,176.03,179.55,183.07,186.60,190.14,193.67,197.22,200.76,204.31,207.86,211.41,214.96,218.12,221.67,225.22,228.78,231.93,235.48,238.62,242.17,245.71,248.85,252.38,255.52,259.04,262.17,265.29,268.80,271.91,275.02,278.52,281.61,
17.10,0.07,0.25,0.54,0.95,1.48,2.12,2.86,3.73,4.70,5.78,6.97,8.27,9.67,11.18,12.80,14.51,16.32,18.08,20.08,22.17,24.37,26.65,28.82,31.27,33.80,36.20,38.89,41.66,44.27,47.19,49.93,52.98,55.84,59.02,61.99,65.30,68.37,71.50,74.97,78.19,81.45,84.76,88.10,91.80,95.23,98.69,102.18,105.70,109.26,112.84,116.45,120.09,123.41,127.09,130.80,134.52,137.92,141.68,145.46,148.90,152.71,156.18,160.02,163.50,167.36,170.87,174.75,178.27,181.79,185.69,189.23,192.77,196.31,199.85,203.40,206.95,210.88,214.43,217.98,221.15,224.70,228.25,231.80,235.34,238.89,242.04,245.58,249.12,252.65,255.79,259.31,262.44,265.96,269.47,272.58,276.08,279.19,282.29,285.77,288.86,
18.00,0.08,0.27,0.57,1.03,1.57,2.22,3.05,3.93,4.93,6.03,7.35,8.67,10.11,11.64,13.28,15.02,17.01,18.96,21.00,23.13,25.36,27.67,30.08,32.57,35.14,37.79,40.53,43.34,46.22,48.94,51.96,55.05,58.21,61.16,64.44,67.78,70.90,74.35,77.85,81.11,84.70,88.05,91.43,95.15,98.61,102.10,105.94,109.49,113.07,116.68,120.31,123.97,127.66,131.36,135.09,138.83,142.59,146.37,150.17,153.98,157.45,161.29,165.14,169.00,172.51,176.38,179.91,183.80,187.33,191.24,194.78,198.32,202.24,205.79,209.34,212.89,216.81,220.36,223.91,227.46,231.01,234.55,238.10,241.64,245.17,248.71,252.24,255.76,258.91,262.42,265.94,269.44,272.57,276.06,279.17,282.66,286.13,289.23,292.69,295.77,
18.90,0.08,0.28,0.60,1.06,1.60,2.32,3.16,4.06,5.15,6.28,7.61,8.96,10.53,12.09,13.89,15.67,17.69,19.66,21.90,24.07,26.33,28.87,31.31,33.84,36.44,39.35,42.12,44.97,47.89,50.88,53.94,57.07,60.27,63.52,66.83,70.21,73.64,77.12,80.36,83.94,87.57,91.24,94.65,98.41,101.89,105.72,109.27,113.16,116.77,120.40,124.38,128.07,131.77,135.83,139.57,143.33,147.11,150.90,154.71,158.54,162.37,166.22,170.07,173.58,177.46,181.34,185.23,188.76,192.66,196.20,200.11,204.02,207.57,211.12,215.04,218.59,222.50,226.05,229.60,233.14,236.69,240.59,244.13,247.66,251.19,254.72,258.24,261.75,265.26,268.77,271.90,275.39,278.88,282.36,285.83,288.93,292.39,295.85,298.92,302.36,
19.80,0.08,0.28,0.62,1.09,1.69,2.42,3.28,4.26,5.29,6.52,7.87,9.35,10.95,12.66,14.36,16.30,18.35,20.35,22.62,24.99,27.28,29.85,32.52,35.08,37.93,40.66,43.68,46.56,49.52,52.78,55.88,59.04,62.27,65.81,69.16,72.56,76.02,79.53,83.09,86.70,90.35,94.05,97.79,101.56,105.07,108.92,112.80,116.40,120.35,124.32,128.00,132.02,135.74,139.48,143.57,147.34,151.13,155.27,159.09,162.92,166.77,170.62,174.48,178.35,182.22,186.10,189.99,193.89,197.43,201.33,205.23,208.78,212.69,216.60,220.15,224.05,227.60,231.50,235.05,238.59,242.48,246.01,249.54,253.07,256.95,260.46,263.97,267.47,270.97,274.46,277.95,281.43,284.90,288.37,291.46,294.91,298.36,301.79,304.86,308.28,
20.70,0.08,0.30,0.64,1.12,1.73,2.52,3.39,4.39,5.51,6.76,8.13,9.73,11.35,13.09,14.95,16.92,19.00,21.19,23.48,25.89,28.39,30.81,33.50,36.29,39.17,42.14,44.98,48.12,51.34,54.40,57.76,60.96,64.47,67.78,71.42,74.86,78.34,82.15,85.74,89.37,93.05,96.77,100.53,104.32,108.15,112.02,115.92,119.85,123.81,127.79,131.49,135.52,139.58,143.33,147.42,151.21,155.34,159.15,162.98,167.15,171.00,174.85,178.72,182.92,186.80,190.68,194.57,198.46,202.35,206.25,209.80,213.70,217.60,221.49,225.04,228.94,232.83,236.37,240.26,243.79,247.67,251.20,254.72,258.58,262.09,265.59,269.09,272.93,276.42,279.90,283.37,286.83,290.29,293.74,297.18,300.61,304.03,307.45,310.51,313.91,
21.60,0.08,0.32,0.67,1.19,1.81,2.56,3.50,4.51,5.72,6.99,8.48,10.00,11.64,13.51,15.39,17.38,19.63,21.84,24.17,26.59,29.29,31.93,34.65,37.47,40.38,43.38,46.47,49.63,52.88,56.20,59.36,62.82,66.35,69.95,73.36,77.08,80.59,84.42,88.03,91.96,95.66,99.69,103.47,107.28,111.13,115.02,119.23,123.17,127.15,131.14,134.85,138.89,142.96,147.04,151.14,154.93,159.07,162.89,167.04,170.88,175.06,178.92,183.12,186.99,190.86,194.74,198.96,202.85,206.74,210.62,214.51,218.40,222.29,225.84,229.72,233.61,237.49,241.02,244.89,248.76,252.28,256.14,259.65,263.50,267.00,270.49,274.32,277.79,281.27,285.07,288.53,291.97,295.41,298.85,302.27,305.68,309.09,312.49,315.87,319.25,
22.50,0.08,0.31,0.69,1.22,1.84,2.65,3.60,4.70,5.85,7.22,8.72,10.37,12.03,13.93,15.95,17.97,20.24,22.48,24.99,27.45,30.18,32.83,35.58,38.62,41.56,44.58,47.91,51.10,54.37,57.72,61.14,64.63,68.19,71.81,75.49,79.23,82.77,86.62,90.52,94.47,98.19,102.23,106.02,110.14,114.01,117.91,122.13,126.08,130.07,134.07,138.10,142.14,146.21,150.30,154.40,158.52,162.65,166.79,170.63,174.79,178.97,182.83,187.01,190.88,194.76,198.96,202.84,206.72,210.93,214.81,218.69,222.57,226.45,230.33,234.20,238.07,241.93,245.79,249.32,253.17,257.01,260.52,264.35,268.18,271.67,275.48,278.95,282.42,286.21,289.65,293.09,296.86,300.28,303.69,307.10,310.50,313.88,317.26,320.63,323.99,
23.40,0.09,0.33,0.72,1.25,1.92,2.74,3.71,4.81,6.06,7.44,8.96,10.62,12.41,14.33,16.37,18.55,20.85,23.11,25.64,28.28,31.03,33.71,36.68,39.74,42.71,45.96,49.10,52.53,55.83,59.20,62.87,66.38,69.96,73.60,77.30,81.06,84.88,88.74,92.66,96.62,100.63,104.68,108.49,112.62,116.79,120.69,124.92,128.89,133.17,137.18,141.22,145.27,149.65,153.73,157.84,161.96,166.09,170.23,174.38,178.22,182.39,186.57,190.43,194.61,198.80,202.67,206.87,210.74,214.61,218.81,222.68,226.55,230.42,234.28,238.14,241.99,245.84,249.69,253.53,257.36,261.19,265.01,268.50,272.31,276.11,279.57,283.35,286.80,290.57,294.00,297.75,301.16,304.57,308.29,311.67,315.05,318.42,321.78,325.12,328.46,
24.30,0.09,0.33,0.74,1.27,1.95,2.83,3.81,4.92,6.26,7.66,9.19,10.97,12.78,14.72,16.78,18.97,21.28,23.87,26.42,29.09,31.87,34.75,37.55,40.64,43.82,47.09,50.46,53.70,57.23,60.85,64.31,68.08,71.68,75.34,79.30,83.08,86.91,90.79,94.98,98.96,102.98,107.05,111.15,115.01,119.17,123.38,127.61,131.58,135.87,139.88,144.21,148.27,152.64,156.73,160.83,164.95,169.07,173.21,177.66,181.51,185.67,189.83,194.00,198.18,202.35,206.22,210.40,214.26,218.44,222.31,226.48,230.34,234.19,238.36,242.20,246.04,249.88,253.71,257.53,261.35,265.15,268.96,272.75,276.22,280.00,283.76,287.21,290.96,294.70,298.12,301.84,305.23,308.94,312.31,315.68,319.04,322.70,326.04,329.36,332.68,
25.20,0.09,0.34,0.76,1.30,2.03,2.92,3.90,5.10,6.37,7.87,9.42,11.20,13.14,15.10,17.18,19.52,21.85,24.45,27.03,29.71,32.50,35.58,38.58,41.69,44.89,48.19,51.57,55.04,58.59,62.23,65.71,69.49,73.34,77.01,80.99,85.03,88.87,92.77,96.97,100.96,104.98,109.05,113.43,117.57,121.75,125.95,129.91,134.17,138.45,142.76,146.80,151.15,155.22,159.60,163.70,168.11,172.23,176.36,180.50,184.64,189.10,193.25,197.41,201.27,205.43,209.60,213.76,217.62,221.78,225.94,229.79,233.94,237.78,241.62,245.75,249.58,253.40,257.21,261.32,265.12,268.91,272.69,276.46,279.92,283.67,287.42,291.15,294.88,298.29,302.00,305.39,309.07,312.44,316.11,319.45,323.10,326.42,329.74,333.35,336.64,
26.10,0.09,0.34,0.75,1.33,2.06,2.95,4.00,5.20,6.56,8.07,9.73,11.43,13.38,15.46,17.69,19.92,22.40,25.02,27.61,30.47,33.29,36.38,39.40,42.71,45.93,49.24,52.64,56.34,59.91,63.55,67.28,71.07,74.93,78.86,82.61,86.66,90.76,94.67,98.87,102.87,107.17,111.24,115.35,119.77,123.94,128.15,132.38,136.64,140.93,145.23,149.55,153.61,157.97,162.34,166.44,170.83,174.95,179.37,183.50,187.63,192.07,196.21,200.36,204.51,208.66,212.81,216.95,220.80,224.94,229.08,233.22,237.05,241.18,245.00,249.12,252.92,256.72,260.82,264.60,268.38,272.15,275.91,279.66,283.40,287.14,290.86,294.57,298.27,301.97,305.35,309.02,312.68,316.03,319.67,322.99,326.61,329.91,333.51,336.79,340.06,
27.00,0.10,0.36,0.77,1.35,2.13,3.03,4.09,5.30,6.67,8.27,9.94,11.76,13.72,15.82,18.06,20.43,22.94,25.57,28.33,31.05,34.04,37.15,40.37,43.51,46.94,50.26,53.88,57.38,60.96,64.83,68.57,72.37,76.24,80.18,84.17,88.23,92.33,96.49,100.70,104.96,109.00,113.34,117.45,121.87,126.04,130.25,134.75,139.01,143.29,147.59,151.90,156.24,160.59,164.95,169.04,173.43,177.82,181.94,186.35,190.47,194.60,199.02,203.16,207.29,211.42,215.55,219.68,223.81,227.94,232.06,236.17,239.99,244.10,248.19,251.99,256.08,259.86,263.93,267.69,271.45,275.49,279.23,282.96,286.68,290.39,294.09,297.78,301.45,305.12,308.78,312.13,315.76,319.38,322.70,326.30,329.89,333.17,336.73,339.99,343.24,
27.90,0.10,0.37,0.79,1.41,2.16,3.11,4.18,5.47,6.85,8.37,10.14,11.97,14.05,16.16,18.42,20.80,23.45,26.10,28.88,31.77,34.78,37.90,41.13,44.46,47.71,51.24,54.87,58.59,62.18,66.06,69.81,73.84,77.72,81.66,85.67,89.96,94.08,98.24,102.45,106.71,110.75,115.09,119.46,123.87,128.05,132.52,136.75,141.00,145.54,149.83,154.14,158.46,162.80,167.15,171.52,175.89,180.27,184.37,188.77,192.88,197.28,201.39,205.80,209.92,214.03,218.44,222.55,226.66,230.76,234.86,238.96,243.04,246.84,250.91,254.98,258.75,262.80,266.56,270.59,274.33,278.34,282.06,285.76,289.46,293.15,297.11,300.77,304.42,308.06,311.69,315.02,318.63,322.22,325.81,329.09,332.65,336.19,339.44,342.97,346.19,
28.80,0.10,0.37,0.81,1.43,2.23,3.14,4.27,5.56,7.02,8.56,10.34,12.27,14.26,16.50,18.76,21.28,23.81,26.61,29.40,32.30,35.48,38.61,41.85,45.20,48.64,52.19,55.82,59.54,63.35,67.24,70.99,75.03,78.92,83.09,87.10,91.39,95.51,99.67,103.88,108.38,112.68,117.01,121.12,125.52,129.95,134.41,138.64,143.15,147.41,151.96,156.26,160.57,164.90,169.51,173.86,178.22,182.58,186.67,191.05,195.43,199.53,203.91,208.29,212.39,216.49,220.87,224.96,229.05,233.13,237.21,241.28,245.35,249.41,253.46,257.50,261.53,265.28,269.29,273.30,277.01,280.71,284.69,288.37,292.33,295.99,299.64,303.27,306.90,310.51,314.12,317.71,321.29,324.85,328.41,331.95,335.20,338.71,342.22,345.43,348.91,
29.70,0.10,0.38,0.83,1.46,2.25,3.22,4.35,5.65,7.11,8.74,10.53,12.47,14.57,16.81,19.09,21.62,24.29,27.11,29.90,32.97,35.99,39.30,42.55,46.08,49.54,53.09,56.73,60.46,64.27,68.16,72.12,76.16,80.27,84.45,88.46,92.75,96.87,101.27,105.47,109.72,114.26,118.59,122.95,127.34,131.76,136.21,140.43,144.93,149.44,153.71,158.27,162.57,167.15,171.47,175.80,180.14,184.49,188.84,193.20,197.55,201.91,206.27,210.36,214.71,218.79,223.15,227.22,231.28,235.62,239.68,243.73,247.77,251.80,255.83,259.84,263.85,267.85,271.56,275.54,279.50,283.18,287.13,290.79,294.71,298.35,301.97,305.58,309.45,313.04,316.62,320.18,323.73,327.27,330.79,334.30,337.53,341.02,344.49,347.95,351.13,
30.60,0.10,0.38,0.85,1.48,2.27,3.29,4.43,5.73,7.28,8.91,10.71,12.65,14.76,17.01,19.40,21.94,24.62,27.43,30.38,33.45,36.64,39.96,43.22,46.75,50.21,53.95,57.59,61.52,65.34,69.23,73.20,77.24,81.35,85.52,89.75,94.04,98.39,102.55,106.99,111.23,115.76,120.08,124.43,128.81,133.22,137.91,142.12,146.60,151.10,155.62,160.16,164.44,169.00,173.31,177.63,182.22,186.54,190.87,195.21,199.54,203.88,208.22,212.55,216.61,220.94,225.27,229.32,233.63,237.67,241.70,245.73,250.02,254.02,258.02,262.01,265.99,269.96,273.92,277.60,281.54,285.46,289.11,293.01,296.63,300.51,304.11,307.69,311.53,315.09,318.64,322.17,325.69,329.20,332.70,336.18,339.65,343.10,346.55,349.97,353.13,
31.50,0.10,0.39,0.84,1.50,2.34,3.31,4.50,5.81,7.36,8.99,10.88,12.83,15.04,17.30,19.70,22.38,25.06,27.88,30.83,33.91,37.11,40.42,43.85,47.39,51.03,54.77,58.42,62.35,66.16,70.26,74.23,78.27,82.59,86.76,90.98,95.27,99.60,103.76,108.19,112.66,116.94,121.48,125.83,130.44,134.84,139.26,143.71,148.17,152.66,157.16,161.67,166.20,170.48,175.03,179.59,183.89,188.20,192.77,197.08,201.40,205.71,210.02,214.33,218.64,222.67,226.97,231.26,235.28,239.56,243.57,247.84,251.83,255.81,259.78,264.01,267.96,271.90,275.56,279.48,283.39,287.28,291.17,294.77,298.63,302.21,306.05,309.60,313.41,316.94,320.46,323.97,327.72,331.20,334.66,338.11,341.55,344.98,348.39,351.53,354.91,
32.40,0.10,0.39,0.86,1.52,2.36,3.38,4.58,5.95,7.43,9.15,11.04,13.10,15.21,17.58,19.99,22.67,25.35,28.31,31.27,34.50,37.70,41.02,44.45,47.99,51.63,55.37,59.20,63.12,67.14,71.03,75.20,79.23,83.54,87.71,91.92,96.20,100.75,105.12,109.54,113.77,118.27,122.80,127.13,131.73,136.11,140.77,145.19,149.64,154.11,158.59,163.08,167.59,172.10,176.63,181.16,185.44,189.99,194.27,198.56,203.11,207.40,211.68,215.97,220.25,224.52,228.79,232.79,237.05,241.30,245.28,249.51,253.47,257.43,261.63,265.56,269.49,273.40,277.30,281.18,285.06,288.92,292.78,296.61,300.18,303.99,307.54,311.32,314.84,318.60,322.09,325.56,329.28,332.73,336.16,339.58,342.99,346.38,349.76,353.13,356.48,
33.30,0.11,0.40,0.88,1.53,2.37,3.44,4.65,6.03,7.58,9.30,11.20,13.25,15.47,17.85,20.26,22.94,25.76,28.72,31.68,34.91,38.11,41.59,45.02,48.55,52.37,56.11,59.94,63.86,67.86,71.95,75.91,80.14,84.44,88.59,93.02,97.28,101.60,106.18,110.59,115.03,119.52,124.04,128.35,132.93,137.53,141.92,146.58,151.01,155.45,160.16,164.63,169.11,173.61,178.11,182.36,186.87,191.39,195.65,200.17,204.43,208.69,213.21,217.46,221.71,225.96,230.20,234.43,238.66,242.62,246.83,251.03,254.96,259.14,263.06,266.96,271.11,274.99,278.85,282.71,286.56,290.39,294.21,298.01,301.55,305.33,309.09,312.59,316.33,319.80,323.51,326.96,330.39,334.06,337.46,340.85,344.23,347.59,350.94,354.27,357.59,
34.20,0.11,0.40,0.89,1.55,2.43,3.45,4.65,6.09,7.65,9.37,11.34,13.40,15.62,18.00,20.52,23.20,26.01,28.97,32.07,35.29,38.65,41.96,45.55,49.09,52.89,56.62,60.63,64.54,68.54,72.62,76.77,80.99,85.28,89.63,93.83,98.30,102.60,107.17,111.56,115.99,120.45,124.95,129.48,134.04,138.62,143.23,147.62,152.26,156.69,161.37,165.82,170.27,174.74,179.21,183.69,188.18,192.66,196.90,201.39,205.87,210.11,214.34,218.81,223.03,227.25,231.46,235.66,239.85,244.04,248.22,252.13,256.29,260.18,264.32,268.19,272.30,276.15,279.99,283.81,287.62,291.67,295.21,298.98,302.74,306.48,310.21,313.68,317.38,321.07,324.50,328.16,331.56,334.95,338.56,341.92,345.26,348.59,351.91,355.21,358.50,
35.10,0.11,0.41,0.91,1.57,2.44,3.51,4.72,6.16,7.78,9.51,11.48,13.54,15.76,18.24,20.76,23.44,26.38,29.34,32.43,35.65,39.00,42.47,46.05,49.58,53.38,57.28,61.10,65.18,69.17,73.24,77.57,81.78,86.06,90.39,94.58,99.03,103.53,107.86,112.45,116.86,121.53,126.01,130.52,135.05,139.61,144.19,148.80,153.18,157.82,162.23,166.89,171.32,175.76,180.45,184.90,189.35,193.81,198.02,202.48,206.93,211.13,215.58,219.78,224.21,228.40,232.57,236.74,240.90,245.06,249.20,253.33,257.21,261.32,265.41,269.26,273.33,277.15,280.95,284.99,288.76,292.53,296.28,300.02,303.74,307.45,311.15,314.59,318.25,321.90,325.30,328.92,332.29,335.89,339.23,342.79,346.10,349.40,352.68,355.95,359.20,
36.00,0.11,0.40,0.90,1.58,2.46,3.52,4.78,6.22,7.84,9.64,11.53,13.67,15.98,18.36,20.99,23.78,26.60,29.55,32.77,35.99,39.33,42.79,46.36,50.04,53.83,57.72,61.70,65.59,69.75,73.99,78.12,82.31,86.57,91.09,95.47,99.90,104.17,108.70,113.26,117.65,122.30,126.75,131.46,135.97,140.51,145.07,149.64,154.23,158.61,163.23,167.86,172.26,176.91,181.33,185.75,190.17,194.59,199.01,203.44,207.85,212.03,216.44,220.85,225.01,229.16,233.54,237.68,241.81,245.92,250.03,254.13,258.21,262.29,266.11,270.16,274.19,277.98,281.75,285.74,289.49,293.22,296.94,300.88,304.56,308.24,311.66,315.30,318.93,322.55,325.92,329.50,333.07,336.39,339.93,343.23,346.50,350.00,353.25,356.48,359.70,
36.90,0.11,0.42,0.91,1.60,2.51,3.58,4.83,6.27,7.89,9.68,11.65,13.79,16.10,18.57,21.20,23.98,26.80,29.87,32.95,36.30,39.63,43.23,46.80,50.47,54.24,58.12,62.09,66.14,70.29,74.51,78.62,82.99,87.23,91.53,96.09,100.50,104.95,109.46,114.00,118.37,122.99,127.64,132.10,136.58,141.31,145.84,150.39,154.95,159.53,164.11,168.48,173.09,177.70,182.09,186.47,191.10,195.49,199.88,204.27,208.65,212.80,217.17,221.54,225.67,230.02,234.13,238.47,242.56,246.64,250.71,254.77,258.82,262.86,266.88,270.66,274.66,278.64,282.38,286.33,290.04,293.74,297.65,301.32,304.97,308.61,312.23,315.84,319.43,323.01,326.34,329.89,333.42,336.71,340.21,343.47,346.94,350.17,353.39,356.81,360.00,
37.80,0.11,0.41,0.92,1.61,2.52,3.58,4.88,6.32,7.93,9.80,11.76,13.90,16.20,18.66,21.39,24.17,26.98,30.04,33.24,36.58,40.05,43.49,47.19,50.86,54.62,58.65,62.60,66.64,70.77,74.97,79.06,83.41,87.83,92.11,96.64,101.02,105.46,109.93,114.45,119.00,123.59,128.21,132.65,137.32,141.80,146.52,151.04,155.57,160.11,164.66,169.23,173.80,178.15,182.73,187.09,191.67,196.03,200.38,204.74,209.08,213.43,217.76,222.10,226.42,230.50,234.81,238.88,243.16,247.21,251.24,255.27,259.28,263.28,267.26,271.23,275.19,278.91,282.84,286.53,290.43,294.09,297.96,301.59,305.21,308.81,312.39,315.96,319.52,323.06,326.58,330.09,333.36,336.84,340.30,343.53,346.96,350.16,353.56,356.72,359.88,
38.70,0.11,0.42,0.94,1.62,2.53,3.63,4.88,6.36,8.04,9.83,11.87,14.00,16.39,18.85,21.46,24.23,27.26,30.32,33.51,36.84,40.29,43.72,47.40,51.21,54.95,58.96,62.90,66.92,71.02,75.38,79.64,83.78,88.17,92.62,97.12,101.48,105.89,110.54,115.03,119.56,124.12,128.71,133.32,137.75,142.42,146.88,151.58,156.08,160.59,165.11,169.64,174.18,178.72,183.26,187.58,192.13,196.45,200.99,205.31,209.62,213.93,218.22,222.52,226.80,230.85,235.12,239.37,243.39,247.40,251.62,255.61,259.58,263.54,267.49,271.42,275.34,279.24,282.91,286.78,290.42,294.27,297.88,301.69,305.27,308.83,312.38,315.91,319.43,322.93,326.42,329.89,333.34,336.78,339.99,343.40,346.79,349.95,353.31,356.44,359.56,
39.60,0.11,0.42,0.92,1.63,2.53,3.63,4.92,6.40,8.07,9.93,11.88,14.09,16.47,18.92,21.63,24.38,27.40,30.44,33.62,36.93,40.50,44.06,47.58,51.36,55.25,59.24,63.15,67.32,71.41,75.56,79.97,84.27,88.64,93.06,97.35,101.87,106.45,110.87,115.33,120.03,124.56,129.11,133.70,138.31,142.72,147.37,151.82,156.50,160.97,165.46,170.17,174.66,179.17,183.45,187.96,192.46,196.75,201.25,205.53,209.80,214.29,218.55,222.80,227.05,231.06,235.28,239.50,243.48,247.67,251.63,255.57,259.73,263.65,267.55,271.45,275.32,279.19,283.04,286.65,290.47,294.06,297.85,301.40,305.16,308.68,312.19,315.69,319.38,322.84,326.29,329.51,332.92,336.32,339.70,343.07,346.21,349.55,352.66,355.96,359.05,
40.50,0.11,0.43,0.93,1.64,2.57,3.67,4.96,6.44,8.10,9.95,11.97,14.17,16.54,19.07,21.67,24.52,27.52,30.55,33.84,37.13,40.55,44.23,47.88,51.64,55.51,59.47,63.36,67.51,71.74,75.87,80.25,84.53,88.86,93.25,97.70,102.20,106.74,111.13,115.76,120.22,124.71,129.44,133.99,138.56,143.15,147.55,152.17,156.81,161.25,165.70,170.36,174.82,179.29,183.75,188.22,192.68,196.93,201.39,205.63,210.08,214.30,218.52,222.73,226.93,231.13,235.31,239.48,243.42,247.57,251.49,255.61,259.51,263.38,267.47,271.32,275.15,278.98,282.78,286.36,290.14,293.90,297.43,301.16,304.66,308.36,311.83,315.28,318.72,322.35,325.76,329.15,332.53,335.68,339.02,342.35,345.66,348.75,352.03,355.09,358.34,
41.40,0.11,0.42,0.94,1.65,2.58,3.67,5.00,6.47,8.12,9.96,12.05,14.24,16.59,19.12,21.80,24.63,27.62,30.75,33.90,37.31,40.70,44.36,47.99,51.73,55.72,59.66,63.69,67.65,71.85,76.13,80.30,84.72,89.02,93.38,97.98,102.45,106.76,111.31,115.90,120.33,124.99,129.47,134.19,138.72,143.27,147.84,152.22,156.82,161.42,165.83,170.46,174.87,179.30,183.72,188.14,192.56,196.98,201.40,205.60,210.00,214.19,218.36,222.75,226.91,231.06,235.19,239.32,243.23,247.33,251.42,255.28,259.35,263.19,267.01,270.82,274.61,278.39,282.16,285.91,289.64,293.36,297.06,300.54,304.20,307.65,311.08,314.70,318.10,321.48,324.85,328.20,331.54,334.85,338.16,341.44,344.71,347.97,351.01,354.23,357.24,
42.30,0.11,0.43,0.95,1.65,2.58,3.70,4.98,6.50,8.14,10.04,12.04,14.29,16.64,19.14,21.81,24.73,27.70,30.82,34.07,37.32,40.83,44.46,48.07,51.93,55.75,59.66,63.82,67.91,72.08,76.15,80.47,84.86,89.13,93.64,98.02,102.44,106.91,111.43,115.98,120.56,124.98,129.63,134.10,138.79,143.30,147.83,152.37,156.93,161.29,165.86,170.44,174.82,179.20,183.58,188.16,192.54,196.71,201.08,205.44,209.80,213.95,218.29,222.41,226.53,230.64,234.73,238.81,242.88,246.94,250.99,254.81,258.83,262.62,266.40,270.38,274.13,277.86,281.58,285.29,288.98,292.65,296.31,299.75,303.37,306.78,310.37,313.74,317.30,320.64,323.97,327.28,330.57,333.85,337.11,340.36,343.59,346.80,349.80,352.98,356.15,
43.20,0.11,0.42,0.94,1.66,2.58,3.69,5.01,6.52,8.15,10.03,12.10,14.26,16.67,19.26,21.91,24.71,27.76,30.86,34.08,37.44,40.93,44.54,48.12,51.95,55.88,59.76,63.74,67.95,72.09,76.30,80.59,84.94,89.17,93.64,97.98,102.56,106.99,111.46,115.97,120.52,125.09,129.50,134.12,138.58,143.24,147.73,152.23,156.74,161.26,165.78,170.11,174.65,178.99,183.53,187.86,192.19,196.52,200.85,205.16,209.27,213.58,217.67,221.95,226.02,230.08,234.34,238.37,242.40,246.41,250.20,254.19,258.16,261.91,265.85,269.57,273.28,276.97,280.85,284.51,288.15,291.58,295.19,298.79,302.37,305.74,309.28,312.61,316.13,319.43,322.71,326.17,329.43,332.66,335.88,339.08,342.27,345.44,348.41,351.54,354.67,
44.10,0.11,0.43,0.95,1.66,2.57,3.68,4.98,6.53,8.22,10.02,12.07,14.29,16.69,19.26,21.89,24.77,27.69,30.87,34.08,37.41,40.87,44.58,48.13,51.93,55.83,59.83,63.77,67.95,72.05,76.23,80.48,84.79,89.16,93.59,97.89,102.42,106.81,111.43,115.89,120.39,124.92,129.48,133.87,138.47,142.90,147.53,151.99,156.45,160.92,165.40,169.89,174.18,178.66,182.95,187.44,191.73,196.01,200.29,204.56,208.82,213.08,217.12,221.36,225.38,229.60,233.60,237.59,241.57,245.53,249.48,253.42,257.14,261.05,264.94,268.62,272.28,276.12,279.75,283.37,286.97,290.55,294.12,297.67,301.20,304.52,308.02,311.32,314.78,318.04,321.47,324.70,327.91,331.10,334.28,337.44,340.58,343.71,346.83,349.92,353.00,
45.00,0.11,0.42,0.95,1.66,2.57,3.71,5.01,6.49,8.22,10.08,12.11,14.32,16.70,19.24,21.95,24.71,27.72,30.87,34.05,37.48,40.91,44.45,48.11,51.88,55.74,59.71,63.76,67.90,71.97,76.11,80.48,84.75,89.08,93.47,97.91,102.21,106.74,111.13,115.74,120.19,124.68,129.19,133.72,138.08,142.65,147.05,151.65,156.06,160.49,164.92,169.35,173.79,178.23,182.48,186.91,191.15,195.38,199.61,203.83,208.05,212.25,216.45,220.63,224.61,228.77,232.73,236.67,240.60,244.51,248.42,252.30,256.18,260.03,263.68,267.51,271.12,274.92,278.50,282.07,285.63,289.16,292.68,296.19,299.67,303.14,306.60,309.85,313.27,316.48,319.87,323.05,326.22,329.37,332.68,335.80,338.90,341.99,345.06,348.11,350.97,
45.90,0.11,0.43,0.94,1.67,2.60,3.69,5.02,6.50,8.21,10.05,12.07,14.33,16.69,19.22,21.90,24.73,27.72,30.85,34.00,37.39,40.91,44.43,48.06,51.93,55.76,59.69,63.71,67.66,71.84,76.09,80.26,84.49,88.94,93.29,97.68,101.94,106.43,110.95,115.32,119.91,124.35,128.81,133.30,137.80,142.13,146.67,151.21,155.58,159.96,164.34,168.72,173.11,177.49,181.88,186.07,190.45,194.64,198.82,203.18,207.34,211.50,215.45,219.58,223.70,227.62,231.72,235.61,239.49,243.36,247.40,251.24,254.87,258.68,262.47,266.25,269.82,273.56,277.10,280.62,284.13,287.80,291.28,294.73,297.99,301.41,304.82,308.20,311.39,314.75,317.90,321.22,324.35,327.46,330.72,333.80,336.86,339.90,342.92,345.93,348.93,
46.80,0.11,0.42,0.94,1.67,2.59,3.67,4.99,6.50,8.20,10.02,12.09,14.26,16.68,19.18,21.83,24.64,27.59,30.69,33.92,37.28,40.77,44.38,47.97,51.80,55.59,59.48,63.46,67.52,71.66,75.87,79.99,84.34,88.58,92.87,97.22,101.61,106.04,110.51,115.02,119.38,123.94,128.35,132.79,137.24,141.71,146.19,150.50,155.00,159.32,163.65,167.98,172.32,176.65,180.98,185.32,189.45,193.77,197.90,202.21,206.32,210.42,214.51,218.59,222.47,226.53,230.39,234.42,238.25,242.06,246.05,249.84,253.61,257.18,260.92,264.65,268.35,271.86,275.54,279.01,282.47,285.91,289.52,292.93,296.32,299.69,302.87,306.21,309.53,312.66,315.95,319.22,322.30,325.37,328.59,331.62,334.63,337.63,340.61,343.58,346.52,
47.70,0.11,0.43,0.95,1.66,2.58,3.69,5.00,6.49,8.12,9.98,12.03,14.25,16.57,19.12,21.75,24.63,27.55,30.62,33.82,37.14,40.59,44.16,47.84,51.50,55.39,59.24,63.31,67.33,71.42,75.59,79.67,83.96,88.32,92.57,96.87,101.21,105.59,110.00,114.46,118.94,123.28,127.81,132.19,136.59,141.00,145.43,149.87,154.13,158.59,162.86,167.14,171.61,175.89,179.98,184.26,188.53,192.79,196.87,200.93,205.17,209.22,213.26,217.29,221.30,225.12,229.11,232.90,236.86,240.63,244.38,248.30,252.02,255.72,259.23,262.90,266.55,270.19,273.64,277.24,280.65,284.05,287.42,290.96,294.30,297.63,300.94,304.05,307.33,310.58,313.65,316.88,319.91,323.10,326.10,329.26,332.23,335.18,338.11,341.04,343.94,
48.60,0.11,0.42,0.93,1.66,2.57,3.67,4.96,6.43,8.10,9.94,11.96,14.16,16.52,19.06,21.66,24.50,27.49,30.53,33.69,37.10,40.51,44.04,47.56,51.30,55.15,58.95,62.98,66.95,70.99,75.11,79.29,83.54,87.84,92.04,96.45,100.73,105.06,109.43,113.82,118.25,122.71,127.01,131.51,135.86,140.21,144.59,148.97,153.36,157.57,161.97,166.20,170.42,174.83,179.05,183.27,187.30,191.51,195.71,199.72,203.72,207.90,211.88,215.85,219.81,223.76,227.51,231.43,235.16,239.05,242.75,246.43,250.28,253.93,257.56,261.00,264.61,268.19,271.59,275.14,278.50,282.02,285.35,288.66,291.95,295.23,298.48,301.73,304.95,308.16,311.35,314.36,317.51,320.49,323.61,326.55,329.47,332.55,335.44,338.31,341.17,
49.50,0.11,0.42,0.93,1.63,2.55,3.64,4.96,6.42,8.07,9.89,11.96,14.13,16.47,18.98,21.64,24.36,27.31,30.41,33.54,36.91,40.28,43.77,47.37,51.07,54.87,58.76,62.60,66.67,70.66,74.73,78.86,83.06,87.30,91.61,95.80,100.19,104.47,108.78,113.12,117.49,121.89,126.31,130.58,135.03,139.34,143.65,147.97,152.30,156.64,160.81,165.15,169.32,173.48,177.82,181.98,186.14,190.11,194.25,198.39,202.33,206.27,210.37,214.29,218.19,222.08,225.78,229.65,233.50,237.15,240.97,244.60,248.22,251.81,255.40,258.96,262.51,266.04,269.56,272.88,276.36,279.66,283.10,286.36,289.61,292.83,296.04,299.23,302.41,305.57,308.71,311.67,314.77,317.70,320.77,323.67,326.71,329.57,332.42,335.25,338.06,
50.40,0.11,0.42,0.94,1.63,2.54,3.65,4.91,6.40,8.03,9.89,11.87,14.02,16.33,18.88,21.51,24.29,27.11,30.17,33.37,36.58,40.02,43.47,47.14,50.80,54.55,58.39,62.19,66.20,70.14,74.30,78.38,82.52,86.71,90.96,95.25,99.43,103.80,108.06,112.34,116.65,120.99,125.35,129.73,133.96,138.37,142.62,146.88,151.16,155.43,159.71,163.82,168.10,172.21,176.31,180.59,184.68,188.60,192.68,196.75,200.65,204.70,208.57,212.43,216.27,220.10,223.92,227.73,231.52,235.12,238.88,242.46,246.19,249.73,253.26,256.77,260.26,263.74,267.20,270.47,273.90,277.14,280.54,283.74,286.94,290.28,293.43,296.57,299.70,302.81,305.73,308.81,311.86,314.74,317.77,320.61,323.60,326.42,329.22,332.16,334.92,
51.30,0.11,0.41,0.92,1.62,2.52,3.61,4.86,6.33,7.99,9.82,11.78,13.97,16.25,18.69,21.36,24.11,26.99,30.01,33.17,36.34,39.74,43.25,46.76,50.36,54.06,57.85,61.73,65.68,69.71,73.67,77.84,81.92,86.06,90.25,94.48,98.75,102.91,107.26,111.49,115.74,120.01,124.31,128.63,132.96,137.14,141.50,145.70,149.91,154.13,158.34,162.56,166.61,170.83,174.87,178.91,182.95,186.97,190.99,195.01,199.01,202.83,206.81,210.61,214.40,218.17,221.93,225.67,229.41,233.12,236.66,240.34,243.85,247.33,250.80,254.42,257.86,261.12,264.52,267.91,271.28,274.47,277.81,280.97,284.27,287.39,290.50,293.59,296.66,299.71,302.75,305.77,308.62,311.61,314.58,317.38,320.32,323.09,325.84,328.73,331.45,
52.20,0.11,0.42,0.92,1.61,2.50,3.58,4.85,6.30,7.94,9.69,11.68,13.83,16.08,18.57,21.12,23.91,26.75,29.73,32.84,36.07,39.42,42.89,46.34,50.02,53.67,57.41,61.23,65.12,69.10,73.14,77.11,81.27,85.35,89.48,93.65,97.86,102.11,106.24,110.56,114.75,118.96,123.20,127.45,131.72,136.00,140.13,144.43,148.57,152.72,156.88,161.03,165.02,169.17,173.15,177.30,181.27,185.23,189.19,193.14,197.08,200.84,204.76,208.50,212.39,216.10,219.80,223.49,227.16,230.65,234.29,237.92,241.36,244.79,248.37,251.77,255.15,258.51,261.86,265.19,268.35,271.64,274.92,278.03,281.27,284.34,287.40,290.43,293.46,296.46,299.45,302.42,305.37,308.30,311.07,313.98,316.71,319.58,322.29,325.12,327.80,
53.10,0.11,0.41,0.90,1.60,2.48,3.54,4.79,6.22,7.83,9.61,11.57,13.69,15.98,18.43,20.95,23.70,26.50,29.53,32.59,35.78,39.08,42.49,45.90,49.52,53.24,56.92,60.68,64.52,68.44,72.42,76.46,80.42,84.58,88.64,92.75,96.90,101.09,105.31,109.56,113.68,117.83,122.00,126.19,130.39,134.60,138.83,142.90,147.14,151.22,155.31,159.40,163.49,167.41,171.49,175.41,179.48,183.38,187.27,191.15,195.03,198.73,202.58,206.26,210.09,213.74,217.38,221.00,224.61,228.21,231.79,235.19,238.74,242.11,245.63,248.97,252.29,255.60,258.89,262.16,265.42,268.66,271.73,274.93,277.97,281.14,284.14,287.12,290.09,293.04,295.97,298.89,301.79,304.67,307.54,310.24,313.08,315.75,318.55,321.19,323.96,
54.00,0.11,0.40,0.90,1.57,2.46,3.50,4.77,6.18,7.77,9.52,11.45,13.54,15.79,18.20,20.76,23.47,26.22,29.21,32.22,35.46,38.71,42.07,45.54,48.99,52.64,56.39,60.09,63.88,67.73,71.64,75.62,79.66,83.75,87.75,91.80,95.88,100.00,104.15,108.33,112.54,116.62,120.72,124.84,128.97,133.12,137.27,141.44,145.45,149.47,153.65,157.67,161.69,165.54,169.56,173.41,177.41,181.24,185.07,188.89,192.70,196.50,200.28,203.90,207.66,211.25,214.83,218.54,222.09,225.62,228.98,232.49,235.97,239.29,242.74,246.02,249.29,252.53,255.77,258.98,262.18,265.36,268.52,271.52,274.65,277.62,280.71,283.64,286.55,289.45,292.33,295.20,298.04,300.87,303.69,306.48,309.12,311.89,314.50,317.23,319.80,
54.90,0.10,0.40,0.90,1.56,2.43,3.46,4.71,6.09,7.70,9.43,11.33,13.45,15.66,18.04,20.55,23.22,25.93,28.86,31.92,35.01,38.21,41.62,45.03,48.53,52.01,55.70,59.46,63.18,66.97,70.95,74.87,78.71,82.73,86.80,90.78,94.79,98.84,102.92,107.04,111.17,115.33,119.37,123.41,127.48,131.55,135.64,139.73,143.67,147.78,151.73,155.68,159.63,163.57,167.52,171.46,175.23,179.00,182.92,186.67,190.41,194.14,197.86,201.41,205.10,208.63,212.14,215.80,219.28,222.75,226.20,229.64,232.91,236.31,239.55,242.93,246.13,249.32,252.49,255.65,258.79,261.91,265.02,268.10,271.03,274.08,276.98,279.85,282.85,285.70,288.52,291.33,294.12,296.90,299.66,302.41,304.99,307.71,310.26,312.94,315.47,
55.80,0.10,0.39,0.88,1.55,2.41,3.42,4.64,6.04,7.58,9.33,11.19,13.28,15.45,17.78,20.26,22.87,25.62,28.50,31.51,34.64,37.78,41.03,44.48,47.93,51.47,55.09,58.67,62.45,66.17,70.08,73.93,77.83,81.65,85.65,89.69,93.64,97.62,101.63,105.67,109.73,113.82,117.78,121.90,125.90,129.90,133.91,137.93,141.96,145.83,149.86,153.74,157.62,161.50,165.37,169.09,172.95,176.80,180.49,184.17,187.85,191.51,195.16,198.80,202.27,205.88,209.33,212.91,216.33,219.74,223.13,226.50,229.86,233.05,236.38,239.54,242.83,245.96,249.07,252.17,255.25,258.31,261.35,264.38,267.25,270.25,273.08,276.04,278.85,281.63,284.54,287.30,290.04,292.76,295.46,298.02,300.69,303.35,305.86,308.48,310.96,
56.70,0.10,0.39,0.87,1.53,2.38,3.37,4.57,5.95,7.50,9.22,11.05,13.10,15.23,17.59,20.02,22.59,25.29,28.12,31.07,34.14,37.33,40.52,43.91,47.29,50.77,54.32,57.95,61.54,65.32,69.04,72.94,76.77,80.65,84.58,88.42,92.42,96.33,100.27,104.23,108.22,112.23,116.26,120.17,124.23,128.16,132.10,136.04,139.99,143.80,147.75,151.56,155.37,159.17,162.97,166.76,170.55,174.18,177.95,181.57,185.17,188.76,192.34,195.91,199.47,203.01,206.39,209.76,213.26,216.59,219.92,223.22,226.52,229.65,232.91,236.15,239.24,242.30,245.50,248.53,251.55,254.55,257.53,260.50,263.32,266.25,269.03,271.93,274.68,277.54,280.26,282.96,285.64,288.31,290.96,293.59,296.21,298.68,301.27,303.84,306.27,
57.60,0.10,0.39,0.85,1.50,2.32,3.35,4.53,5.89,7.41,9.05,10.90,12.91,15.07,17.31,19.77,22.29,24.94,27.72,30.61,33.62,36.75,39.97,43.20,46.62,50.03,53.52,57.08,60.72,64.42,68.07,71.90,75.66,79.46,83.32,87.21,91.01,94.97,98.84,102.73,106.64,110.57,114.53,118.49,122.34,126.19,130.19,134.06,137.94,141.67,145.55,149.28,153.16,156.89,160.61,164.33,168.04,171.60,175.30,178.84,182.37,186.04,189.55,192.90,196.39,199.86,203.31,206.62,209.90,213.31,216.57,219.81,223.04,226.11,229.30,232.48,235.50,238.64,241.63,244.60,247.56,250.50,253.42,256.33,259.22,262.09,264.82,267.66,270.35,273.15,275.81,278.45,281.08,283.69,286.29,288.87,291.43,293.98,296.51,298.90,301.40,
58.50,0.10,0.38,0.85,1.48,2.29,3.30,4.46,5.78,7.27,8.93,10.74,12.71,14.83,17.03,19.43,21.98,24.57,27.30,30.13,33.17,36.14,39.30,42.57,45.92,49.26,52.68,56.17,59.73,63.36,67.06,70.69,74.49,78.22,82.00,85.81,89.66,93.42,97.34,101.15,104.98,108.84,112.71,116.60,120.37,124.28,128.06,131.85,135.65,139.45,143.24,146.90,150.70,154.35,158.00,161.65,165.28,168.91,172.39,176.00,179.46,182.91,186.49,189.91,193.18,196.58,199.97,203.20,206.56,209.76,212.95,216.12,219.28,222.42,225.55,228.66,231.62,234.69,237.62,240.53,243.55,246.43,249.29,252.14,254.83,257.65,260.44,263.09,265.85,268.47,271.20,273.78,276.35,278.91,281.44,283.97,286.48,288.97,291.44,293.90,296.23,
59.40,0.10,0.38,0.82,1.46,2.25,3.25,4.38,5.68,7.13,8.80,10.57,12.50,14.57,16.79,19.08,21.57,24.19,26.85,29.72,32.61,35.61,38.70,41.90,45.08,48.45,51.80,55.22,58.82,62.37,65.87,69.55,73.27,76.92,80.62,84.36,88.13,91.93,95.64,99.50,103.25,107.03,110.82,114.63,118.45,122.14,125.98,129.69,133.41,137.13,140.85,144.43,148.14,151.72,155.29,158.86,162.42,165.97,169.51,172.91,176.43,179.80,183.17,186.52,189.86,193.18,196.50,199.66,202.94,206.08,209.33,212.43,215.52,218.60,221.65,224.56,227.59,230.60,233.46,236.30,239.26,242.08,244.87,247.66,250.42,253.17,255.77,258.49,261.07,263.75,266.29,268.94,271.45,273.95,276.43,278.90,281.35,283.78,286.20,288.61,290.88,
60.30,0.09,0.37,0.82,1.42,2.22,3.16,4.30,5.60,7.03,8.61,10.40,12.28,14.31,16.48,18.78,21.22,23.71,26.39,29.11,32.02,34.95,37.98,41.10,44.31,47.61,50.88,54.33,57.75,61.23,64.76,68.35,71.88,75.57,79.19,82.84,86.53,90.25,94.00,97.65,101.45,105.14,108.85,112.58,116.31,119.93,123.68,127.31,130.95,134.58,138.22,141.85,145.35,148.98,152.48,155.96,159.44,162.92,166.38,169.83,173.15,176.58,179.87,183.14,186.41,189.66,192.90,195.99,199.20,202.26,205.44,208.48,211.49,214.50,217.49,220.46,223.41,226.23,229.15,231.93,234.70,237.57,240.30,243.02,245.72,248.41,250.95,253.61,256.24,258.74,261.35,263.82,266.27,268.83,271.25,273.66,276.05,278.43,280.79,283.02,285.36,
61.20,0.09,0.36,0.79,1.40,2.18,3.10,4.21,5.49,6.88,8.47,10.16,12.06,14.04,16.16,18.41,20.78,23.29,25.91,28.56,31.41,34.27,37.23,40.28,43.42,46.63,49.93,53.20,56.64,60.04,63.49,67.00,70.56,74.05,77.70,81.27,84.87,88.51,92.17,95.86,99.45,103.06,106.81,110.45,113.97,117.63,121.30,124.85,128.40,132.08,135.63,139.05,142.60,146.15,149.56,152.97,156.37,159.76,163.14,166.52,169.88,173.10,176.32,179.64,182.83,186.01,189.04,192.19,195.32,198.32,201.42,204.38,207.33,210.26,213.18,216.08,218.97,221.84,224.57,227.41,230.10,232.79,235.46,238.23,240.87,243.49,245.97,248.56,251.13,253.57,256.11,258.52,261.03,263.41,265.78,268.13,270.46,272.78,275.09,277.38,279.65,
62.10,0.09,0.36,0.78,1.36,2.12,3.04,4.12,5.37,6.76,8.27,9.97,11.77,13.75,15.82,18.02,20.33,22.77,25.33,28.00,30.77,33.57,36.54,39.52,42.58,45.72,48.94,52.13,55.49,58.81,62.18,65.60,69.07,72.59,76.04,79.64,83.16,86.71,90.28,93.88,97.39,101.03,104.56,108.12,111.68,115.25,118.83,122.29,125.76,129.35,132.82,136.28,139.62,143.08,146.54,149.86,153.18,156.49,159.79,163.08,166.37,169.51,172.77,175.90,179.01,182.10,185.19,188.26,191.19,194.24,197.14,200.15,203.03,205.89,208.74,211.57,214.38,217.18,219.84,222.61,225.24,227.98,230.58,233.17,235.74,238.29,240.83,243.35,245.86,248.24,250.72,253.07,255.51,257.83,260.14,262.43,264.81,267.07,269.32,271.44,273.66,
63.00,0.09,0.34,0.76,1.34,2.08,2.98,4.03,5.24,6.60,8.12,9.77,11.52,13.46,15.47,17.67,19.94,22.32,24.81,27.41,30.12,32.84,35.74,38.64,41.62,44.69,47.82,51.03,54.30,57.53,60.82,64.16,67.54,70.97,74.44,77.84,81.38,84.84,88.33,91.84,95.37,98.80,102.25,105.83,109.30,112.79,116.16,119.65,123.03,126.53,129.91,133.29,136.67,139.92,143.29,146.53,149.89,153.11,156.33,159.54,162.62,165.81,168.98,172.03,175.06,178.08,181.09,184.08,187.06,190.02,192.85,195.67,198.59,201.38,204.15,206.91,209.65,212.38,214.97,217.67,220.35,222.90,225.43,227.95,230.57,233.06,235.53,237.88,240.32,242.75,245.05,247.45,249.72,252.09,254.33,256.56,258.78,261.08,263.27,265.44,267.50,
63.90,0.09,0.33,0.74,1.32,2.04,2.91,3.94,5.11,6.44,7.91,9.52,11.27,13.16,15.12,17.26,19.46,21.77,24.20,26.73,29.36,32.09,34.91,37.73,40.64,43.71,46.76,49.88,52.97,56.21,59.42,62.77,66.06,69.40,72.68,76.09,79.43,82.91,86.31,89.72,93.05,96.51,99.98,103.35,106.73,110.12,113.52,116.93,120.22,123.51,126.92,130.21,133.50,136.78,139.94,143.22,146.37,149.51,152.64,155.77,158.88,161.98,164.96,168.04,170.99,173.93,176.86,179.77,182.67,185.56,188.31,191.17,193.90,196.61,199.42,202.11,204.78,207.32,209.96,212.58,215.08,217.67,220.13,222.59,225.13,227.55,229.96,232.35,234.62,236.98,239.33,241.55,243.87,246.07,248.36,250.52,252.68,254.82,256.95,259.06,261.16,
64.80,0.09,0.32,0.73,1.27,1.99,2.84,3.84,4.98,6.31,7.74,9.31,11.01,12.79,14.75,16.83,18.97,21.28,23.64,26.10,28.66,31.31,34.05,36.80,39.70,42.60,45.57,48.61,51.70,54.86,57.97,61.13,64.43,67.68,70.97,74.18,77.54,80.81,84.11,87.44,90.78,94.14,97.52,100.80,104.09,107.38,110.69,114.00,117.31,120.51,123.72,127.03,130.23,133.31,136.50,139.68,142.74,145.80,148.96,152.00,155.03,157.93,160.94,163.82,166.81,169.66,172.51,175.34,178.16,180.97,183.76,186.42,189.08,191.82,194.45,197.06,199.65,202.23,204.79,207.34,209.77,212.29,214.69,217.07,219.54,221.89,224.23,226.56,228.86,231.06,233.34,235.60,237.75,239.99,242.11,244.21,246.41,248.49,250.55,252.61,254.65,
65.70,0.08,0.32,0.70,1.25,1.93,2.77,3.74,4.85,6.13,7.52,9.04,10.69,12.46,14.36,16.38,18.46,20.71,22.99,25.38,27.93,30.51,33.09,35.84,38.66,41.47,44.35,47.30,50.30,53.36,56.48,59.55,62.75,65.91,69.10,72.22,75.48,78.76,81.97,85.20,88.44,91.71,94.88,98.17,101.37,104.57,107.78,110.99,114.21,117.43,120.54,123.65,126.75,129.85,132.95,136.04,139.02,142.10,145.06,148.01,150.95,153.88,156.69,159.60,162.39,165.27,168.03,170.78,173.52,176.25,178.85,181.54,184.12,186.79,189.33,191.87,194.39,196.89,199.38,201.85,204.31,206.65,209.08,211.40,213.69,215.98,218.35,220.60,222.74,224.97,227.18,229.38,231.47,233.64,235.69,237.84,239.87,241.88,243.89,245.88,247.86,
66.60,0.08,0.31,0.69,1.20,1.88,2.68,3.64,4.71,5.95,7.30,8.77,10.41,12.13,13.97,15.93,17.94,20.12,22.33,24.71,27.12,29.61,32.19,34.85,37.58,40.31,43.18,46.04,48.95,51.92,54.85,57.92,60.93,64.09,67.18,70.31,73.36,76.55,79.66,82.79,86.04,89.10,92.28,95.47,98.57,101.68,104.89,107.90,111.02,114.15,117.16,120.28,123.30,126.30,129.31,132.20,135.19,138.07,141.05,143.91,146.76,149.60,152.43,155.15,157.96,160.65,163.33,166.00,168.65,171.29,173.92,176.53,179.03,181.62,184.08,186.54,188.98,191.41,193.82,196.22,198.60,200.87,203.23,205.47,207.80,210.01,212.21,214.40,216.57,218.73,220.87,222.90,225.02,227.12,229.12,231.19,233.16,235.11,237.06,238.98,240.90,
67.50,0.08,0.30,0.66,1.18,1.81,2.60,3.53,4.57,5.77,7.07,8.53,10.08,11.74,13.52,15.41,17.41,19.51,21.72,23.95,26.28,28.76,31.26,33.83,36.40,39.12,41.90,44.66,47.48,50.35,53.27,56.24,59.16,62.12,65.12,68.14,71.20,74.28,77.29,80.41,83.46,86.53,89.61,92.60,95.70,98.70,101.72,104.74,107.76,110.78,113.70,116.72,119.64,122.55,125.46,128.36,131.26,134.05,136.83,139.70,142.46,145.21,147.96,150.58,153.30,155.91,158.61,161.19,163.76,166.31,168.86,171.29,173.80,176.21,178.70,181.07,183.44,185.79,188.12,190.44,192.75,194.95,197.23,199.40,201.65,203.79,205.92,208.04,210.14,212.22,214.30,216.36,218.41,220.35,222.37,224.29,226.28,228.17,230.05,231.92,233.77,
68.40,0.07,0.29,0.64,1.13,1.76,2.52,3.42,4.43,5.59,6.87,8.25,9.78,11.39,13.11,14.93,16.86,18.89,21.02,23.18,25.49,27.82,30.23,32.71,35.27,37.89,40.50,43.25,45.97,48.75,51.57,54.44,57.35,60.20,63.10,66.02,68.97,71.95,74.95,77.88,80.83,83.79,86.77,89.75,92.65,95.66,98.57,101.49,104.41,107.33,110.15,113.07,115.89,118.71,121.52,124.33,127.13,129.92,132.61,135.29,137.96,140.62,143.27,145.91,148.53,151.05,153.66,156.15,158.64,161.11,163.57,166.01,168.35,170.77,173.08,175.38,177.75,180.02,182.28,184.52,186.75,188.88,191.08,193.18,195.35,197.42,199.48,201.52,203.55,205.57,207.57,209.56,211.54,213.50,215.37,217.31,219.15,220.97,222.87,224.68,226.47,
69.30,0.07,0.28,0.62,1.10,1.71,2.44,3.29,4.28,5.39,6.63,7.96,9.43,10.98,12.68,14.44,16.30,18.26,20.31,22.39,24.62,26.86,29.25,31.65,34.11,36.64,39.16,41.81,44.43,47.11,49.83,52.59,55.40,58.15,61.03,63.85,66.70,69.57,72.38,75.29,78.13,80.99,83.86,86.74,89.63,92.44,95.34,98.16,100.97,103.79,106.52,109.34,112.06,114.77,117.49,120.20,122.90,125.59,128.19,130.86,133.44,136.01,138.56,141.11,143.55,146.08,148.50,151.00,153.40,155.78,158.15,160.51,162.77,165.10,167.33,169.64,171.84,174.03,176.21,178.37,180.52,182.66,184.69,186.80,188.81,190.90,192.88,194.85,196.81,198.76,200.69,202.61,204.51,206.41,208.21,210.07,211.85,213.61,215.44,217.18,218.91,
70.20,0.07,0.27,0.60,1.05,1.64,2.34,3.17,4.13,5.20,6.39,7.70,9.08,10.61,12.20,13.89,15.73,17.61,19.58,21.59,23.73,25.95,28.18,30.49,32.86,35.29,37.78,40.33,42.85,45.43,48.05,50.71,53.41,56.14,58.83,61.54,64.28,67.05,69.83,72.64,75.38,78.13,80.89,83.66,86.45,89.24,91.95,94.66,97.37,100.08,102.80,105.42,108.13,110.75,113.36,115.97,118.57,121.17,123.66,126.24,128.72,131.20,133.66,136.11,138.55,140.89,143.31,145.63,147.94,150.33,152.61,154.79,157.05,159.30,161.45,163.67,165.79,167.90,169.99,172.08,174.15,176.21,178.25,180.20,182.22,184.14,186.13,188.03,189.91,191.79,193.64,195.49,197.33,199.07,200.88,202.68,204.38,206.08,207.84,209.52,211.18,
71.10,0.07,0.26,0.57,1.02,1.58,2.26,3.06,3.97,5.00,6.14,7.40,8.72,10.19,11.76,13.38,15.10,16.90,18.79,20.77,22.82,24.95,27.09,29.37,31.64,33.98,36.37,38.75,41.24,43.72,46.23,48.78,51.38,54.00,56.58,59.27,61.90,64.56,67.23,69.85,72.56,75.20,77.86,80.52,83.19,85.88,88.48,91.08,93.77,96.38,98.90,101.51,104.03,106.63,109.14,111.65,114.15,116.64,119.04,121.52,123.90,126.28,128.65,131.00,133.35,135.68,137.92,140.24,142.46,144.66,146.86,149.04,151.21,153.29,155.43,157.57,159.60,161.63,163.64,165.65,167.64,169.61,171.58,173.45,175.39,177.23,179.15,180.97,182.78,184.58,186.36,188.14,189.90,191.65,193.39,195.04,196.76,198.38,200.00,201.68,203.28,
72.00,0.06,0.25,0.56,0.97,1.51,2.17,2.94,3.81,4.80,5.89,7.09,8.40,9.76,11.26,12.81,14.50,16.23,18.04,19.93,21.89,23.93,25.99,28.16,30.34,32.58,34.87,37.21,39.53,41.97,44.38,46.82,49.30,51.82,54.37,56.86,59.39,61.93,64.50,67.08,69.60,72.21,74.76,77.31,79.87,82.44,84.93,87.43,90.01,92.51,95.01,97.43,99.93,102.34,104.74,107.23,109.63,111.93,114.32,116.69,118.98,121.26,123.53,125.79,128.03,130.27,132.42,134.64,136.77,138.88,140.98,143.08,145.16,147.23,149.29,151.25,153.21,155.23,157.16,159.08,160.98,162.88,164.76,166.55,168.41,170.18,172.02,173.76,175.50,177.22,178.93,180.63,182.32,184.00,185.66,187.25,188.89,190.45,192.07,193.61,195.14,
72.90,0.06,0.24,0.53,0.93,1.45,2.07,2.80,3.65,4.59,5.64,6.78,8.02,9.36,10.76,12.28,13.85,15.54,17.27,19.07,20.95,22.90,24.86,26.93,29.01,31.15,33.34,35.57,37.86,40.18,42.48,44.82,47.19,49.60,52.03,54.42,56.83,59.26,61.71,64.18,66.66,69.08,71.59,74.03,76.48,78.86,81.32,83.71,86.18,88.57,90.96,93.27,95.65,97.96,100.34,102.64,104.93,107.22,109.42,111.69,113.87,116.13,118.30,120.46,122.61,124.75,126.81,128.93,130.96,132.98,134.99,136.99,138.98,140.96,142.93,144.81,146.75,148.61,150.46,152.29,154.11,155.93,157.73,159.51,161.29,162.98,164.66,166.40,168.06,169.71,171.35,172.97,174.59,176.19,177.78,179.29,180.86,182.42,183.90,185.37,186.90,
73.80,0.06,0.23,0.50,0.89,1.38,1.98,2.67,3.47,4.38,5.38,6.47,7.65,8.92,10.28,11.69,13.23,14.79,16.48,18.20,19.99,21.84,23.71,25.69,27.67,29.76,31.84,33.97,36.08,38.30,40.49,42.78,45.04,47.33,49.58,51.92,54.22,56.61,58.94,61.22,63.59,65.97,68.29,70.62,72.95,75.29,77.56,79.91,82.19,84.47,86.75,89.03,91.30,93.50,95.77,97.96,100.14,102.32,104.50,106.59,108.75,110.82,112.89,114.95,117.00,119.04,121.08,123.02,125.04,126.96,128.88,130.79,132.69,134.57,136.45,138.24,140.10,141.87,143.63,145.45,147.18,148.91,150.55,152.26,153.95,155.57,157.24,158.83,160.48,162.05,163.61,165.16,166.69,168.22,169.67,171.18,172.68,174.10,175.57,176.98,178.37,
74.70,0.06,0.22,0.47,0.84,1.31,1.87,2.55,3.30,4.15,5.11,6.14,7.26,8.47,9.76,11.14,12.55,14.08,15.64,17.27,18.97,20.72,22.54,24.42,26.30,28.28,30.26,32.28,34.34,36.39,38.53,40.64,42.79,44.96,47.16,49.39,51.57,53.77,55.99,58.22,60.47,62.73,64.93,67.14,69.36,71.58,73.81,75.97,78.21,80.37,82.54,84.70,86.87,88.95,91.11,93.19,95.27,97.34,99.41,101.39,103.45,105.42,107.46,109.41,111.36,113.30,115.16,117.09,118.93,120.83,122.65,124.47,126.27,128.06,129.84,131.55,133.31,134.99,136.66,138.39,140.04,141.69,143.32,144.87,146.48,148.08,149.60,151.11,152.68,154.17,155.65,157.12,158.58,160.04,161.48,162.91,164.27,165.68,167.02,168.41,169.74,
75.60,0.05,0.20,0.45,0.79,1.24,1.78,2.40,3.13,3.93,4.82,5.82,6.88,8.02,9.24,10.54,11.87,13.32,14.83,16.37,17.97,19.64,21.36,23.13,24.91,26.78,28.65,30.56,32.52,34.51,36.47,38.53,40.56,42.62,44.70,46.74,48.87,50.95,53.05,55.16,57.29,59.43,61.51,63.61,65.71,67.81,69.92,72.04,74.08,76.13,78.25,80.23,82.28,84.33,86.30,88.34,90.31,92.27,94.22,96.11,98.05,99.92,101.85,103.70,105.55,107.38,109.15,110.97,112.78,114.51,116.24,117.96,119.66,121.36,123.05,124.73,126.33,127.99,129.57,131.15,132.71,134.26,135.81,137.34,138.86,140.32,141.82,143.25,144.73,146.15,147.55,148.94,150.33,151.70,153.07,154.42,155.71,157.05,158.37,159.63,160.88,
76.50,0.05,0.19,0.43,0.75,1.16,1.67,2.27,2.94,3.71,4.55,5.49,6.48,7.56,8.71,9.93,11.22,12.54,13.97,15.42,16.97,18.53,20.15,21.78,23.49,25.21,27.02,28.82,30.66,32.53,34.39,36.33,38.24,40.18,42.14,44.12,46.06,48.09,50.06,52.06,54.06,56.02,58.04,60.02,62.00,63.98,65.97,67.96,69.90,71.89,73.82,75.76,77.69,79.55,81.48,83.34,85.19,87.04,88.89,90.73,92.56,94.32,96.08,97.89,99.63,101.36,103.02,104.74,106.45,108.09,109.72,111.33,112.95,114.55,116.14,117.72,119.29,120.80,122.29,123.84,125.31,126.78,128.23,129.68,131.05,132.48,133.90,135.25,136.59,137.98,139.30,140.62,141.92,143.22,144.50,145.78,147.00,148.26,149.45,150.70,151.88,
77.40,0.05,0.18,0.40,0.70,1.10,1.57,2.12,2.76,3.47,4.27,5.13,6.09,7.09,8.17,9.31,10.52,11.79,13.09,14.49,15.90,17.37,18.89,20.45,22.06,23.67,25.37,27.06,28.78,30.54,32.27,34.09,35.88,37.70,39.54,41.40,43.28,45.12,46.98,48.85,50.73,52.62,54.52,56.37,58.23,60.09,61.96,63.83,65.64,67.51,69.33,71.14,72.96,74.71,76.51,78.26,80.06,81.80,83.53,85.19,86.91,88.63,90.28,91.92,93.55,95.18,96.80,98.41,99.96,101.55,103.08,104.60,106.11,107.62,109.11,110.60,112.07,113.49,114.89,116.34,117.72,119.10,120.46,121.82,123.17,124.46,125.79,127.05,128.37,129.62,130.86,132.09,133.37,134.59,135.74,136.94,138.13,139.32,140.44,141.61,142.71,
78.30,0.04,0.17,0.37,0.66,1.02,1.46,1.99,2.57,3.24,3.99,4.79,5.66,6.62,7.62,8.69,9.81,11.00,12.21,13.51,14.83,16.19,17.65,19.07,20.57,22.11,23.65,25.22,26.87,28.47,30.13,31.83,33.50,35.19,36.91,38.64,40.40,42.12,43.90,45.64,47.40,49.17,50.89,52.67,54.40,56.14,57.88,59.57,61.32,63.02,64.76,66.46,68.15,69.79,71.47,73.10,74.78,76.41,78.02,79.64,81.19,82.79,84.33,85.92,87.44,88.96,90.47,91.92,93.42,94.86,96.34,97.76,99.17,100.58,101.97,103.36,104.68,106.06,107.37,108.72,110.01,111.30,112.57,113.84,115.10,116.30,117.54,118.73,119.95,121.12,122.33,123.48,124.63,125.76,126.89,127.96,129.07,130.18,131.23,132.31,133.35,
79.20,0.04,0.16,0.35,0.61,0.94,1.35,1.83,2.39,3.01,3.69,4.45,5.25,6.14,7.07,8.06,9.10,10.20,11.32,12.52,13.74,15.04,16.35,17.70,19.10,20.49,21.95,23.41,24.90,26.42,27.96,29.53,31.08,32.66,34.25,35.85,37.48,39.07,40.73,42.34,43.97,45.61,47.21,48.86,50.47,52.08,53.70,55.32,56.94,58.51,60.08,61.65,63.22,64.79,66.36,67.87,69.43,70.94,72.44,73.93,75.37,76.86,78.29,79.76,81.18,82.59,84.00,85.39,86.73,88.11,89.44,90.76,92.07,93.37,94.67,95.96,97.24,98.46,99.72,100.93,102.13,103.37,104.56,105.74,106.86,108.02,109.17,110.27,111.41,112.49,113.57,114.68,115.74,116.80,117.84,118.84,119.87,120.90,121.87,122.88,123.84,
80.10,0.04,0.14,0.32,0.56,0.87,1.25,1.70,2.19,2.76,3.40,4.08,4.84,5.64,6.51,7.42,8.38,9.39,10.42,11.53,12.68,13.84,15.05,16.29,17.57,18.88,20.20,21.57,22.95,24.34,25.77,27.17,28.64,30.09,31.55,33.03,34.53,35.99,37.52,39.01,40.51,42.01,43.53,45.01,46.49,48.02,49.51,50.95,52.45,53.90,55.39,56.84,58.29,59.73,61.13,62.57,63.96,65.34,66.73,68.11,69.48,70.85,72.17,73.53,74.83,76.13,77.43,78.67,79.95,81.22,82.44,83.66,84.91,86.11,87.31,88.45,89.63,90.80,91.92,93.04,94.19,95.29,96.38,97.46,98.54,99.61,100.63,101.68,102.69,103.73,104.72,105.71,106.69,107.66,108.62,109.58,110.53,111.48,112.37,113.30,114.19,
81.00,0.03,0.13,0.29,0.51,0.79,1.14,1.54,2.01,2.53,3.09,3.73,4.40,5.15,5.93,6.75,7.65,8.57,9.51,10.52,11.57,12.63,13.73,14.86,16.03,17.23,18.42,19.68,20.93,22.21,23.51,24.82,26.13,27.48,28.82,30.17,31.54,32.88,34.27,35.63,37.00,38.37,39.76,41.11,42.46,43.86,45.22,46.54,47.90,49.27,50.59,51.91,53.24,54.56,55.87,57.15,58.46,59.73,60.99,62.25,63.51,64.71,65.96,67.16,68.35,69.54,70.72,71.90,73.07,74.19,75.35,76.46,77.57,78.66,79.75,80.84,81.92,82.99,84.01,85.03,86.08,87.09,88.08,89.08,90.06,91.04,91.97,92.93,93.85,94.81,95.71,96.61,97.54,98.43,99.31,100.15,101.02,101.88,102.74,103.55,104.40,
81.90,0.03,0.12,0.26,0.46,0.72,1.03,1.39,1.81,2.28,2.80,3.36,3.98,4.66,5.36,6.10,6.89,7.72,8.59,9.50,10.43,11.41,12.40,13.42,14.48,15.56,16.67,17.77,18.90,20.05,21.23,22.42,23.63,24.82,26.03,27.25,28.48,29.73,30.95,32.18,33.45,34.69,35.91,37.16,38.39,39.61,40.88,42.07,43.31,44.54,45.74,46.93,48.13,49.32,50.51,51.66,52.85,54.00,55.14,56.28,57.42,58.55,59.64,60.76,61.84,62.91,63.98,65.05,66.07,67.12,68.13,69.17,70.17,71.16,72.15,73.13,74.11,75.04,76.00,76.92,77.87,78.78,79.68,80.58,81.47,82.35,83.20,84.07,84.90,85.76,86.58,87.39,88.24,89.04,89.84,90.59,91.38,92.16,92.93,93.67,94.43,
82.80,0.03,0.11,0.23,0.41,0.64,0.92,1.24,1.62,2.03,2.49,3.00,3.56,4.14,4.78,5.45,6.15,6.89,7.67,8.48,9.30,10.18,11.06,11.97,12.91,13.88,14.87,15.85,16.86,17.91,18.96,19.99,21.07,22.13,23.24,24.33,25.40,26.51,27.63,28.73,29.83,30.94,32.06,33.14,34.27,35.36,36.46,37.56,38.66,39.73,40.83,41.90,42.96,44.03,45.10,46.12,47.18,48.21,49.23,50.24,51.26,52.27,53.24,54.24,55.21,56.16,57.12,58.07,59.02,59.92,60.86,61.75,62.65,63.53,64.41,65.29,66.16,67.03,67.85,68.71,69.53,70.34,71.14,71.94,72.74,73.53,74.31,75.06,75.83,76.57,77.34,78.06,78.78,79.50,80.21,80.92,81.62,82.32,82.98,83.67,84.35,
83.70,0.02,0.09,0.20,0.36,0.56,0.81,1.09,1.42,1.78,2.19,2.63,3.12,3.64,4.19,4.77,5.40,6.05,6.73,7.43,8.17,8.94,9.71,10.51,11.33,12.18,13.05,13.91,14.80,15.72,16.64,17.55,18.49,19.42,20.40,21.35,22.32,23.27,24.25,25.21,26.18,27.16,28.14,29.12,30.08,31.07,32.04,33.00,33.94,34.91,35.84,36.81,37.75,38.68,39.59,40.52,41.45,42.35,43.25,44.14,45.03,45.92,46.78,47.66,48.50,49.35,50.19,51.02,51.85,52.65,53.47,54.26,55.04,55.85,56.63,57.37,58.13,58.89,59.62,60.37,61.09,61.80,62.54,63.24,63.94,64.61,65.30,65.98,66.63,67.31,67.95,68.59,69.25,69.88,70.51,71.13,71.72,72.33,72.94,73.54,74.12,
84.60,0.02,0.08,0.17,0.31,0.48,0.69,0.93,1.21,1.53,1.88,2.27,2.67,3.12,3.59,4.11,4.63,5.19,5.78,6.39,7.02,7.67,8.35,9.04,9.74,10.47,11.20,11.96,12.72,13.52,14.30,15.08,15.90,16.70,17.53,18.36,19.19,20.03,20.85,21.67,22.53,23.37,24.19,25.03,25.88,26.71,27.54,28.37,29.20,30.01,30.84,31.65,32.45,33.26,34.07,34.87,35.64,36.42,37.21,37.98,38.72,39.49,40.25,40.98,41.71,42.46,43.18,43.90,44.59,45.30,46.01,46.69,47.36,48.03,48.70,49.36,50.02,50.68,51.30,51.95,52.57,53.18,53.79,54.42,55.00,55.59,56.19,56.78,57.34,57.92,58.47,59.02,59.59,60.13,60.67,61.21,61.74,62.24,62.76,63.28,63.78,
85.50,0.02,0.07,0.15,0.26,0.40,0.58,0.78,1.01,1.28,1.57,1.89,2.24,2.60,3.01,3.42,3.88,4.34,4.83,5.33,5.86,6.41,6.96,7.54,8.13,8.74,9.36,10.00,10.63,11.28,11.93,12.60,13.28,13.95,14.65,15.34,16.03,16.71,17.42,18.11,18.83,19.53,20.23,20.92,21.63,22.32,23.01,23.71,24.40,25.10,25.77,26.45,27.12,27.80,28.47,29.14,29.79,30.46,31.10,31.74,32.39,33.02,33.64,34.27,34.88,35.49,36.09,36.69,37.29,37.87,38.46,39.02,39.61,40.17,40.73,41.28,41.83,42.36,42.90,43.42,43.96,44.47,44.98,45.49,45.99,46.49,46.99,47.46,47.95,48.42,48.90,49.36,49.82,50.27,50.74,51.17,51.61,52.05,52.49,52.91,53.34,
86.40,0.01,0.05,0.12,0.21,0.32,0.46,0.62,0.81,1.02,1.26,1.51,1.79,2.09,2.41,2.75,3.10,3.48,3.87,4.28,4.70,5.13,5.59,6.05,6.52,7.01,7.51,8.00,8.53,9.04,9.57,10.11,10.65,11.19,11.73,12.29,12.84,13.40,13.97,14.52,15.08,15.64,16.21,16.78,17.35,17.90,18.46,19.01,19.57,20.11,20.67,21.21,21.75,22.29,22.83,23.37,23.89,24.43,24.95,25.46,25.98,26.49,26.98,27.49,27.98,28.47,28.95,29.43,29.91,30.39,30.85,31.32,31.77,32.22,32.67,33.12,33.56,34.00,34.42,34.85,35.27,35.68,36.09,36.51,36.90,37.30,37.70,38.09,38.47,38.86,39.23,39.62,39.98,40.35,40.71,41.07,41.42,41.78,42.11,42.46,42.81,
87.30,0.01,0.04,0.09,0.16,0.24,0.35,0.47,0.61,0.77,0.95,1.13,1.34,1.57,1.81,2.06,2.33,2.61,2.90,3.21,3.53,3.86,4.19,4.54,4.89,5.26,5.63,6.02,6.40,6.79,7.18,7.59,8.00,8.41,8.82,9.24,9.65,10.08,10.49,10.92,11.34,11.76,12.18,12.61,13.03,13.46,13.87,14.29,14.71,15.12,15.54,15.95,16.35,16.76,17.16,17.57,17.96,18.36,18.75,19.14,19.53,19.91,20.28,20.67,21.03,21.40,21.76,22.13,22.49,22.85,23.19,23.55,23.89,24.23,24.56,24.90,25.23,25.56,25.88,26.20,26.51,26.82,27.14,27.45,27.75,28.04,28.34,28.64,28.92,29.22,29.50,29.79,30.06,30.33,30.61,30.88,31.14,31.41,31.66,31.92,32.18,
88.20,0.01,0.03,0.06,0.10,0.16,0.23,0.31,0.41,0.51,0.63,0.76,0.90,1.05,1.21,1.38,1.55,1.74,1.94,2.14,2.35,2.57,2.80,3.03,3.27,3.51,3.76,4.01,4.27,4.54,4.80,5.07,5.34,5.61,5.89,6.16,6.44,6.72,7.01,7.29,7.57,7.86,8.13,8.42,8.70,8.98,9.26,9.54,9.82,10.10,10.37,10.65,10.92,11.19,11.46,11.73,12.00,12.26,12.52,12.78,13.03,13.29,13.55,13.80,14.05,14.29,14.54,14.78,15.02,15.25,15.49,15.72,15.96,16.18,16.41,16.63,16.85,17.07,17.28,17.49,17.71,17.92,18.12,18.33,18.53,18.73,18.93,19.13,19.32,19.52,19.70,19.89,20.08,20.26,20.44,20.63,20.80,20.98,21.15,21.33,21.49,
89.10,0.00,0.01,0.03,0.05,0.08,0.12,0.16,0.20,0.26,0.32,0.38,0.45,0.52,0.60,0.69,0.78,0.87,0.97,1.07,1.18,1.29,1.40,1.52,1.64,1.76,1.88,2.01,2.14,2.27,2.40,2.54,2.67,2.81,2.95,3.09,3.23,3.36,3.51,3.65,3.79,3.93,4.07,4.21,4.35,4.49,4.64,4.78,4.91,5.05,5.19,5.33,5.47,5.60,5.74,5.87,6.00,6.14,6.27,6.40,6.53,6.65,6.78,6.91,7.03,7.15,7.28,7.40,7.52,7.64,7.75,7.87,7.99,8.10,8.21,8.32,8.43,8.55,8.65,8.76,8.86,8.97,9.08,9.18,9.28,9.38,9.48,9.58,9.67,9.77,9.87,9.96,10.05,10.14,10.23,10.32,10.41,10.50,10.59,10.67,10.76,
90.00,0.00,0.00,0.00,0.00,0.00,0.00,0.00,0.00,0.00,0.00,0.00,0.00,0.00,0.00,0.00,0.00,0.00,0.00,0.00,0.00,0.00,0.00,0.00,0.00,0.00,0.00,0.00,0.00,0.00,0.00,0.00,0.00,0.00,0.00,0.00,0.00,0.00,0.00,0.00,0.00,0.00,0.00,0.00,0.00,0.00,0.00,0.00,0.00,0.00,0.00,0.00,0.00,0.00,0.00,0.00,0.00,0.00,0.00,0.00,0.00,0.00,0.00,0.00,0.00,0.00,0.00,0.00,0.00,0.00,0.00,0.00,0.00,0.00,0.00,0.00,0.00,0.00,0.00,0.00,0.00,0.00,0.00,0.00,0.00,0.00,0.00,0.00,0.00,0.00,0.00,0.00,0.00,0.00,0.00,0.00,0.00,0.00,0.00,0.00,0.00,
